 -1.527	 -0.597	 -1.531	 -0.596
 -1.526	 -0.597	 -1.531	 -0.596
 -1.520	 -0.597	 -1.531	 -0.596
 -1.489	 -0.596	 -1.531	 -0.596
 -1.442	 -0.593	 -1.531	 -0.596
 -1.408	 -0.592	 -1.531	 -0.596
 -1.377	 -0.590	 -1.531	 -0.596
 -1.347	 -0.589	 -1.531	 -0.596
 -1.300	 -0.587	 -1.533	 -0.596
 -1.248	 -0.585	 -1.533	 -0.596
 -1.204	 -0.585	 -1.533	 -0.596
 -1.147	 -0.586	 -1.533	 -0.596
 -1.088	 -0.586	 -1.533	 -0.596
 -1.026	 -0.587	 -1.533	 -0.596
 -0.975	 -0.587	 -1.533	 -0.596
 -0.939	 -0.587	 -1.307	 -0.594
 -0.895	 -0.586	 -1.307	 -0.594
 -0.872	 -0.585	 -1.024	 -0.606
 -0.864	 -0.585	 -0.955	 -0.609
 -0.861	 -0.585	 -0.955	 -0.609
 -0.856	 -0.585	 -0.955	 -0.609
 -0.860	 -0.585	 -0.909	 -0.611
 -0.879	 -0.586	 -0.887	 -0.613
 -0.914	 -0.586	 -0.895	 -0.613
 -0.944	 -0.586	 -0.918	 -0.612
 -0.959	 -0.586	 -0.918	 -0.612
 -0.965	 -0.586	 -0.936	 -0.611
 -0.976	 -0.586	 -0.936	 -0.611
 -0.999	 -0.586	 -0.936	 -0.611
 -1.015	 -0.585	 -0.936	 -0.611
 -1.015	 -0.586	 -0.971	 -0.608
 -1.012	 -0.585	 -0.977	 -0.607
 -1.002	 -0.585	 -0.977	 -0.607
 -0.985	 -0.585	 -0.981	 -0.608
 -0.964	 -0.584	 -0.981	 -0.608
 -0.958	 -0.584	 -0.990	 -0.606
 -0.957	 -0.584	 -0.976	 -0.606
 -0.953	 -0.584	 -0.976	 -0.606
 -0.939	 -0.584	 -0.976	 -0.606
 -0.921	 -0.584	 -0.967	 -0.606
 -0.915	 -0.584	 -0.967	 -0.606
 -0.917	 -0.584	 -0.967	 -0.606
 -0.922	 -0.584	 -0.967	 -0.606
 -0.932	 -0.583	 -0.941	 -0.607
 -0.943	 -0.583	 -0.939	 -0.607
 -0.950	 -0.583	 -0.939	 -0.607
 -0.945	 -0.583	 -0.943	 -0.606
 -0.927	 -0.583	 -0.944	 -0.606
 -0.910	 -0.582	 -0.944	 -0.606
 -0.899	 -0.581	 -0.944	 -0.606
 -0.894	 -0.580	 -0.944	 -0.606
 -0.897	 -0.581	 -0.944	 -0.606
 -0.901	 -0.584	 -0.943	 -0.606
 -0.902	 -0.585	 -0.943	 -0.606
 -0.902	 -0.585	 -0.943	 -0.606
 -0.903	 -0.589	 -0.943	 -0.606
 -0.904	 -0.600	 -0.943	 -0.606
 -0.903	 -0.612	 -0.943	 -0.606
 -0.901	 -0.620	 -0.943	 -0.606
 -0.901	 -0.624	 -0.906	 -0.609
 -0.903	 -0.614	 -0.906	 -0.609
 -0.910	 -0.576	 -0.906	 -0.609
 -0.915	 -0.544	 -0.906	 -0.609
 -0.917	 -0.520	 -0.906	 -0.609
 -0.919	 -0.480	 -0.906	 -0.609
 -0.922	 -0.423	 -0.906	 -0.609
 -0.923	 -0.373	 -0.916	 -0.570
 -0.925	 -0.337	 -0.917	 -0.560
 -0.928	 -0.295	 -0.917	 -0.560
 -0.931	 -0.230	 -0.917	 -0.560
 -0.932	 -0.176	 -0.917	 -0.560
 -0.932	 -0.129	 -0.917	 -0.560
 -0.932	 -0.091	 -0.917	 -0.379
 -0.932	 -0.044	 -0.917	 -0.364
 -0.932	 -0.002	 -0.917	 -0.364
 -0.931	  0.025	 -0.917	 -0.364
 -0.931	  0.040	 -0.917	 -0.364
 -0.931	  0.054	 -0.917	 -0.364
 -0.931	  0.070	 -0.910	 -0.123
 -0.930	  0.071	 -0.908	 -0.097
 -0.931	  0.068	 -0.908	 -0.097
 -0.932	  0.050	 -0.908	 -0.097
 -0.933	  0.025	 -0.908	 -0.097
 -0.934	  0.004	 -0.908	 -0.097
 -0.934	  0.000	 -0.908	 -0.097
 -0.935	 -0.004	 -0.902	  0.033
 -0.936	 -0.022	 -0.902	  0.033
 -0.938	 -0.045	 -0.902	  0.033
 -0.940	 -0.058	 -0.910	 -0.047
 -0.939	 -0.055	 -0.912	 -0.059
 -0.939	 -0.055	 -0.912	 -0.063
 -0.939	 -0.048	 -0.913	 -0.068
 -0.938	 -0.033	 -0.913	 -0.069
 -0.937	 -0.023	 -0.913	 -0.068
 -0.937	 -0.023	 -0.913	 -0.068
 -0.937	 -0.023	 -0.913	 -0.068
 -0.938	 -0.032	 -0.913	 -0.068
 -0.939	 -0.048	 -0.913	 -0.068
 -0.940	 -0.057	 -0.913	 -0.068
 -0.940	 -0.055	 -0.913	 -0.068
 -0.939	 -0.048	 -0.913	 -0.068
 -0.939	 -0.037	 -0.913	 -0.068
 -0.938	 -0.021	 -0.913	 -0.068
 -0.936	 -0.008	 -0.912	 -0.062
 -0.936	 -0.000	 -0.912	 -0.062
 -0.936	 -0.001	 -0.912	 -0.062
 -0.934	 -0.007	 -0.912	 -0.062
 -0.933	 -0.010	 -0.912	 -0.062
 -0.932	 -0.011	 -0.912	 -0.062
 -0.928	 -0.013	 -0.912	 -0.062
 -0.916	 -0.015	 -0.910	 -0.046
 -0.897	 -0.015	 -0.910	 -0.044
 -0.886	 -0.013	 -0.910	 -0.044
 -0.886	 -0.013	 -0.910	 -0.042
 -0.883	 -0.012	 -0.905	 -0.028
 -0.878	 -0.011	 -0.905	 -0.028
 -0.887	 -0.012	 -0.905	 -0.028
 -0.934	 -0.020	 -0.905	 -0.028
 -0.976	 -0.025	 -0.905	 -0.028
 -1.008	 -0.028	 -0.905	 -0.028
 -1.045	 -0.030	 -0.905	 -0.028
 -1.106	 -0.032	 -0.878	 -0.035
 -1.174	 -0.034	 -0.883	 -0.036
 -1.224	 -0.034	 -0.883	 -0.036
 -1.286	 -0.035	 -0.883	 -0.036
 -1.346	 -0.036	 -1.088	 -0.039
 -1.402	 -0.036	 -1.088	 -0.039
 -1.441	 -0.035	 -1.088	 -0.039
 -1.479	 -0.036	 -1.088	 -0.039
 -1.515	 -0.037	 -1.088	 -0.039
 -1.542	 -0.038	 -1.296	 -0.032
 -1.559	 -0.039	 -1.296	 -0.032
 -1.564	 -0.039	 -1.296	 -0.032
 -1.568	 -0.039	 -1.461	 -0.020
 -1.569	 -0.039	 -1.481	 -0.020
 -1.566	 -0.039	 -1.497	 -0.019
 -1.543	 -0.041	 -1.497	 -0.019
 -1.516	 -0.042	 -1.497	 -0.019
 -1.502	 -0.043	 -1.497	 -0.019
 -1.497	 -0.043	 -1.497	 -0.019
 -1.483	 -0.044	 -1.523	 -0.022
 -1.463	 -0.045	 -1.460	 -0.029
 -1.443	 -0.045	 -1.452	 -0.030
 -1.437	 -0.046	 -1.452	 -0.030
 -1.437	 -0.046	 -1.452	 -0.030
 -1.437	 -0.046	 -1.435	 -0.032
 -1.437	 -0.046	 -1.419	 -0.034
 -1.439	 -0.046	 -1.419	 -0.034
 -1.451	 -0.045	 -1.419	 -0.034
 -1.468	 -0.045	 -1.419	 -0.034
 -1.479	 -0.045	 -1.419	 -0.034
 -1.478	 -0.045	 -1.419	 -0.034
 -1.478	 -0.045	 -1.419	 -0.034
 -1.477	 -0.045	 -1.421	 -0.034
 -1.469	 -0.045	 -1.424	 -0.034
 -1.455	 -0.046	 -1.424	 -0.034
 -1.450	 -0.046	 -1.424	 -0.034
 -1.455	 -0.046	 -1.424	 -0.034
 -1.465	 -0.045	 -1.424	 -0.034
 -1.479	 -0.044	 -1.424	 -0.034
 -1.497	 -0.045	 -1.424	 -0.034
 -1.507	 -0.046	 -1.424	 -0.034
 -1.507	 -0.046	 -1.424	 -0.034
 -1.500	 -0.041	 -1.424	 -0.034
 -1.494	 -0.035	 -1.424	 -0.034
 -1.494	 -0.035	 -1.424	 -0.034
 -1.495	 -0.040	 -1.424	 -0.034
 -1.496	 -0.042	 -1.424	 -0.034
 -1.495	 -0.031	 -1.424	 -0.034
 -1.496	 -0.013	 -1.424	 -0.034
 -1.498	  0.011	 -1.424	 -0.034
 -1.497	  0.005	 -1.424	 -0.034
 -1.494	 -0.021	 -1.424	 -0.034
 -1.489	 -0.055	 -1.474	 -0.021
 -1.484	 -0.106	 -1.475	 -0.021
 -1.480	 -0.150	 -1.470	 -0.062
 -1.478	 -0.190	 -1.469	 -0.084
 -1.475	 -0.246	 -1.468	 -0.096
 -1.473	 -0.318	 -1.468	 -0.096
 -1.473	 -0.372	 -1.468	 -0.108
 -1.473	 -0.424	 -1.468	 -0.165
 -1.473	 -0.489	 -1.468	 -0.165
 -1.474	 -0.543	 -1.468	 -0.165
 -1.474	 -0.576	 -1.475	 -0.374
 -1.475	 -0.608	 -1.475	 -0.374
 -1.475	 -0.640	 -1.475	 -0.374
 -1.475	 -0.664	 -1.487	 -0.517
 -1.475	 -0.670	 -1.488	 -0.531
 -1.475	 -0.669	 -1.488	 -0.531
 -1.475	 -0.669	 -1.488	 -0.531
 -1.475	 -0.669	 -1.488	 -0.531
 -1.475	 -0.647	 -1.488	 -0.531
 -1.474	 -0.616	 -1.499	 -0.647
 -1.472	 -0.585	 -1.499	 -0.648
 -1.471	 -0.567	 -1.499	 -0.648
 -1.470	 -0.559	 -1.495	 -0.612
 -1.469	 -0.548	 -1.493	 -0.600
 -1.466	 -0.530	 -1.488	 -0.571
 -1.463	 -0.508	 -1.487	 -0.564
 -1.462	 -0.499	 -1.482	 -0.533
 -1.462	 -0.501	 -1.482	 -0.533
 -1.463	 -0.508	 -1.482	 -0.533
 -1.464	 -0.518	 -1.482	 -0.533
 -1.466	 -0.534	 -1.482	 -0.533
 -1.467	 -0.547	 -1.475	 -0.504
 -1.467	 -0.548	 -1.479	 -0.523
 -1.467	 -0.550	 -1.479	 -0.523
 -1.467	 -0.553	 -1.479	 -0.523
 -1.467	 -0.561	 -1.479	 -0.523
 -1.467	 -0.577	 -1.480	 -0.525
 -1.468	 -0.588	 -1.480	 -0.527
 -1.467	 -0.586	 -1.480	 -0.527
 -1.467	 -0.583	 -1.485	 -0.562
 -1.467	 -0.574	 -1.485	 -0.562
 -1.466	 -0.561	 -1.485	 -0.562
 -1.466	 -0.556	 -1.485	 -0.564
 -1.465	 -0.562	 -1.485	 -0.564
 -1.461	 -0.573	 -1.485	 -0.564
 -1.458	 -0.580	 -1.485	 -0.564
 -1.455	 -0.583	 -1.485	 -0.564
 -1.450	 -0.585	 -1.485	 -0.564
 -1.444	 -0.586	 -1.485	 -0.564
 -1.436	 -0.586	 -1.485	 -0.564
 -1.437	 -0.586	 -1.485	 -0.564
 -1.448	 -0.589	 -1.485	 -0.567
 -1.463	 -0.593	 -1.485	 -0.567
 -1.459	 -0.592	 -1.485	 -0.567
 -1.434	 -0.587	 -1.485	 -0.567
 -1.404	 -0.582	 -1.485	 -0.567
 -1.371	 -0.577	 -1.485	 -0.567
 -1.320	 -0.571	 -1.485	 -0.567
 -1.278	 -0.567	 -1.485	 -0.567
 -1.236	 -0.565	 -1.485	 -0.567
 -1.189	 -0.563	 -1.485	 -0.567
 -1.133	 -0.561	 -1.460	 -0.583
 -1.088	 -0.559	 -1.460	 -0.583
 -1.042	 -0.557	 -1.371	 -0.579
 -0.993	 -0.556	 -1.165	 -0.585
 -0.946	 -0.555	 -1.150	 -0.588
 -0.916	 -0.554	 -1.105	 -0.588
 -0.898	 -0.554	 -1.105	 -0.588
 -0.875	 -0.554	 -1.105	 -0.588
 -0.851	 -0.553	 -1.009	 -0.594
 -0.843	 -0.553	 -0.984	 -0.598
 -0.844	 -0.553	 -0.964	 -0.598
 -0.846	 -0.553	 -0.964	 -0.598
 -0.867	 -0.553	 -0.964	 -0.598
 -0.891	 -0.552	 -0.890	 -0.603
 -0.909	 -0.551	 -0.890	 -0.603
 -0.916	 -0.551	 -0.890	 -0.603
 -0.922	 -0.550	 -0.890	 -0.603
 -0.937	 -0.549	 -0.902	 -0.601
 -0.956	 -0.547	 -0.919	 -0.598
 -0.973	 -0.546	 -0.923	 -0.597
 -0.973	 -0.546	 -0.923	 -0.597
 -0.970	 -0.546	 -0.933	 -0.596
 -0.963	 -0.547	 -0.933	 -0.596
 -0.953	 -0.547	 -0.933	 -0.596
 -0.939	 -0.548	 -0.933	 -0.596
 -0.936	 -0.549	 -0.933	 -0.596
 -0.936	 -0.549	 -0.963	 -0.591
 -0.936	 -0.549	 -0.963	 -0.591
 -0.942	 -0.548	 -0.963	 -0.591
 -0.956	 -0.548	 -0.977	 -0.589
 -0.968	 -0.547	 -0.977	 -0.589
 -0.967	 -0.547	 -0.959	 -0.592
 -0.957	 -0.547	 -0.959	 -0.592
 -0.937	 -0.548	 -0.970	 -0.590
 -0.917	 -0.548	 -0.970	 -0.590
 -0.911	 -0.547	 -0.970	 -0.590
 -0.909	 -0.547	 -0.970	 -0.590
 -0.909	 -0.547	 -0.970	 -0.590
 -0.908	 -0.547	 -0.970	 -0.590
 -0.908	 -0.546	 -0.971	 -0.590
 -0.908	 -0.547	 -0.971	 -0.590
 -0.909	 -0.548	 -0.971	 -0.590
 -0.909	 -0.549	 -0.971	 -0.590
 -0.909	 -0.549	 -0.971	 -0.590
 -0.909	 -0.548	 -0.971	 -0.590
 -0.906	 -0.562	 -0.961	 -0.592
 -0.905	 -0.568	 -0.956	 -0.591
 -0.907	 -0.556	 -0.932	 -0.595
 -0.913	 -0.525	 -0.932	 -0.595
 -0.918	 -0.485	 -0.932	 -0.595
 -0.922	 -0.450	 -0.932	 -0.595
 -0.925	 -0.421	 -0.932	 -0.595
 -0.929	 -0.374	 -0.932	 -0.595
 -0.934	 -0.319	 -0.932	 -0.595
 -0.938	 -0.273	 -0.932	 -0.595
 -0.939	 -0.239	 -0.921	 -0.594
 -0.941	 -0.196	 -0.923	 -0.581
 -0.942	 -0.137	 -0.923	 -0.581
 -0.943	 -0.098	 -0.923	 -0.581
 -0.944	 -0.073	 -0.923	 -0.581
 -0.944	 -0.047	 -0.923	 -0.581
 -0.944	 -0.010	 -0.911	 -0.174
 -0.943	  0.023	 -0.911	 -0.174
 -0.943	  0.036	 -0.911	 -0.174
 -0.943	  0.037	 -0.903	 -0.088
 -0.943	  0.039	 -0.903	 -0.079
 -0.943	  0.041	 -0.903	 -0.079
 -0.943	  0.039	 -0.897	 -0.017
 -0.943	  0.032	 -0.897	 -0.017
 -0.944	  0.009	 -0.896	 -0.014
 -0.946	 -0.014	 -0.896	 -0.010
 -0.948	 -0.024	 -0.895	 -0.009
 -0.947	 -0.023	 -0.895	 -0.009
 -0.947	 -0.023	 -0.895	 -0.009
 -0.947	 -0.023	 -0.895	 -0.009
 -0.947	 -0.023	 -0.895	 -0.009
 -0.948	 -0.024	 -0.902	 -0.056
 -0.949	 -0.038	 -0.905	 -0.073
 -0.950	 -0.049	 -0.906	 -0.074
 -0.950	 -0.044	 -0.907	 -0.077
 -0.949	 -0.032	 -0.907	 -0.077
 -0.948	 -0.015	 -0.906	 -0.074
 -0.947	 -0.003	 -0.906	 -0.072
 -0.947	 -0.003	 -0.906	 -0.072
 -0.947	 -0.003	 -0.906	 -0.072
 -0.947	 -0.003	 -0.906	 -0.072
 -0.947	 -0.003	 -0.905	 -0.068
 -0.947	 -0.004	 -0.905	 -0.068
 -0.947	 -0.010	 -0.905	 -0.068
 -0.947	 -0.025	 -0.905	 -0.068
 -0.946	 -0.035	 -0.904	 -0.064
 -0.947	 -0.032	 -0.904	 -0.064
 -0.952	 -0.024	 -0.904	 -0.064
 -0.955	 -0.020	 -0.904	 -0.058
 -0.952	 -0.022	 -0.904	 -0.058
 -0.943	 -0.024	 -0.904	 -0.058
 -0.935	 -0.024	 -0.904	 -0.058
 -0.942	 -0.025	 -0.904	 -0.063
 -0.952	 -0.027	 -0.905	 -0.062
 -0.956	 -0.028	 -0.908	 -0.063
 -0.952	 -0.027	 -0.911	 -0.063
 -0.957	 -0.028	 -0.913	 -0.063
 -0.985	 -0.033	 -0.925	 -0.065
 -1.017	 -0.039	 -0.949	 -0.067
 -1.037	 -0.041	 -0.949	 -0.067
 -1.062	 -0.043	 -0.956	 -0.067
 -1.103	 -0.047	 -0.985	 -0.068
 -1.150	 -0.050	 -1.032	 -0.070
 -1.206	 -0.055	 -1.032	 -0.070
 -1.248	 -0.059	 -1.088	 -0.069
 -1.299	 -0.062	 -1.129	 -0.068
 -1.352	 -0.064	 -1.216	 -0.066
 -1.396	 -0.066	 -1.289	 -0.064
 -1.427	 -0.067	 -1.289	 -0.064
 -1.464	 -0.069	 -1.289	 -0.064
 -1.499	 -0.072	 -1.315	 -0.062
 -1.530	 -0.075	 -1.342	 -0.060
 -1.542	 -0.076	 -1.355	 -0.059
 -1.547	 -0.076	 -1.355	 -0.059
 -1.557	 -0.076	 -1.355	 -0.059
 -1.566	 -0.076	 -1.355	 -0.059
 -1.562	 -0.077	 -1.355	 -0.059
 -1.538	 -0.077	 -1.355	 -0.059
 -1.515	 -0.077	 -1.355	 -0.059
 -1.495	 -0.078	 -1.355	 -0.059
 -1.490	 -0.078	 -1.355	 -0.059
 -1.483	 -0.078	 -1.355	 -0.059
 -1.467	 -0.078	 -1.355	 -0.059
 -1.448	 -0.079	 -1.355	 -0.059
 -1.431	 -0.078	 -1.355	 -0.059
 -1.429	 -0.078	 -1.479	 -0.056
 -1.429	 -0.078	 -1.411	 -0.066
 -1.442	 -0.079	 -1.411	 -0.066
 -1.459	 -0.079	 -1.411	 -0.066
 -1.471	 -0.079	 -1.409	 -0.067
 -1.470	 -0.079	 -1.411	 -0.066
 -1.470	 -0.079	 -1.411	 -0.066
 -1.470	 -0.079	 -1.411	 -0.066
 -1.470	 -0.079	 -1.420	 -0.065
 -1.467	 -0.079	 -1.420	 -0.065
 -1.452	 -0.080	 -1.420	 -0.065
 -1.443	 -0.080	 -1.420	 -0.065
 -1.446	 -0.080	 -1.420	 -0.065
 -1.460	 -0.079	 -1.420	 -0.065
 -1.483	 -0.079	 -1.420	 -0.065
 -1.500	 -0.079	 -1.429	 -0.064
 -1.507	 -0.080	 -1.420	 -0.066
 -1.505	 -0.079	 -1.420	 -0.066
 -1.502	 -0.078	 -1.420	 -0.066
 -1.504	 -0.080	 -1.442	 -0.062
 -1.507	 -0.083	 -1.442	 -0.062
 -1.508	 -0.084	 -1.442	 -0.062
 -1.506	 -0.077	 -1.465	 -0.058
 -1.504	 -0.065	 -1.468	 -0.057
 -1.504	 -0.058	 -1.468	 -0.056
 -1.504	 -0.056	 -1.468	 -0.052
 -1.504	 -0.056	 -1.468	 -0.052
 -1.504	 -0.073	 -1.468	 -0.053
 -1.500	 -0.108	 -1.468	 -0.053
 -1.495	 -0.146	 -1.468	 -0.053
 -1.489	 -0.184	 -1.468	 -0.059
 -1.480	 -0.231	 -1.469	 -0.068
 -1.471	 -0.292	 -1.468	 -0.075
 -1.466	 -0.343	 -1.468	 -0.075
 -1.463	 -0.387	 -1.468	 -0.075
 -1.462	 -0.438	 -1.468	 -0.075
 -1.462	 -0.487	 -1.468	 -0.075
 -1.462	 -0.524	 -1.468	 -0.075
 -1.462	 -0.550	 -1.468	 -0.075
 -1.462	 -0.585	 -1.468	 -0.075
 -1.461	 -0.619	 -1.468	 -0.075
 -1.461	 -0.634	 -1.468	 -0.075
 -1.461	 -0.635	 -1.468	 -0.075
 -1.461	 -0.635	 -1.462	 -0.229
 -1.461	 -0.635	 -1.462	 -0.229
 -1.461	 -0.635	 -1.463	 -0.384
 -1.461	 -0.625	 -1.463	 -0.384
 -1.461	 -0.600	 -1.463	 -0.384
 -1.459	 -0.573	 -1.463	 -0.384
 -1.458	 -0.563	 -1.488	 -0.612
 -1.458	 -0.559	 -1.488	 -0.612
 -1.457	 -0.553	 -1.488	 -0.612
 -1.456	 -0.541	 -1.488	 -0.611
 -1.454	 -0.527	 -1.488	 -0.611
 -1.453	 -0.523	 -1.488	 -0.611
 -1.454	 -0.527	 -1.488	 -0.611
 -1.455	 -0.541	 -1.488	 -0.611
 -1.457	 -0.559	 -1.488	 -0.611
 -1.459	 -0.573	 -1.479	 -0.559
 -1.459	 -0.573	 -1.479	 -0.554
 -1.459	 -0.573	 -1.479	 -0.554
 -1.459	 -0.573	 -1.479	 -0.554
 -1.459	 -0.582	 -1.479	 -0.554
 -1.460	 -0.599	 -1.479	 -0.554
 -1.460	 -0.601	 -1.479	 -0.554
 -1.460	 -0.598	 -1.479	 -0.554
 -1.459	 -0.585	 -1.479	 -0.554
 -1.458	 -0.566	 -1.479	 -0.554
 -1.457	 -0.555	 -1.479	 -0.554
 -1.457	 -0.557	 -1.479	 -0.554
 -1.457	 -0.563	 -1.481	 -0.564
 -1.457	 -0.567	 -1.480	 -0.562
 -1.456	 -0.568	 -1.480	 -0.562
 -1.454	 -0.572	 -1.478	 -0.551
 -1.450	 -0.576	 -1.478	 -0.551
 -1.445	 -0.578	 -1.478	 -0.551
 -1.445	 -0.578	 -1.478	 -0.551
 -1.454	 -0.579	 -1.478	 -0.551
 -1.464	 -0.581	 -1.478	 -0.565
 -1.472	 -0.584	 -1.478	 -0.565
 -1.478	 -0.586	 -1.478	 -0.571
 -1.466	 -0.582	 -1.478	 -0.571
 -1.431	 -0.574	 -1.479	 -0.571
 -1.396	 -0.568	 -1.480	 -0.570
 -1.360	 -0.563	 -1.481	 -0.570
 -1.318	 -0.558	 -1.481	 -0.570
 -1.254	 -0.552	 -1.481	 -0.570
 -1.192	 -0.548	 -1.410	 -0.566
 -1.142	 -0.545	 -1.399	 -0.565
 -1.101	 -0.543	 -1.399	 -0.565
 -1.059	 -0.541	 -1.399	 -0.565
 -0.999	 -0.539	 -1.399	 -0.565
 -0.954	 -0.538	 -1.399	 -0.565
 -0.933	 -0.538	 -1.399	 -0.565
 -0.916	 -0.538	 -1.271	 -0.569
 -0.892	 -0.538	 -1.271	 -0.569
 -0.865	 -0.538	 -1.271	 -0.569
 -0.855	 -0.538	 -1.271	 -0.569
 -0.855	 -0.538	 -1.271	 -0.569
 -0.856	 -0.538	 -1.271	 -0.569
 -0.870	 -0.538	 -0.919	 -0.603
 -0.893	 -0.537	 -0.919	 -0.603
 -0.914	 -0.536	 -0.919	 -0.603
 -0.922	 -0.536	 -0.919	 -0.603
 -0.923	 -0.535	 -0.919	 -0.603
 -0.931	 -0.535	 -0.919	 -0.603
 -0.947	 -0.533	 -0.919	 -0.603
 -0.960	 -0.532	 -0.892	 -0.606
 -0.961	 -0.532	 -0.896	 -0.606
 -0.960	 -0.532	 -0.896	 -0.606
 -0.949	 -0.533	 -0.896	 -0.606
 -0.931	 -0.534	 -0.968	 -0.592
 -0.920	 -0.535	 -0.968	 -0.592
 -0.921	 -0.535	 -0.968	 -0.592
 -0.922	 -0.535	 -0.968	 -0.592
 -0.924	 -0.535	 -0.968	 -0.592
 -0.926	 -0.534	 -0.968	 -0.592
 -0.928	 -0.534	 -0.968	 -0.592
 -0.929	 -0.534	 -0.968	 -0.592
 -0.929	 -0.534	 -0.947	 -0.596
 -0.929	 -0.534	 -0.947	 -0.596
 -0.928	 -0.534	 -0.947	 -0.596
 -0.913	 -0.535	 -0.946	 -0.596
 -0.897	 -0.535	 -0.946	 -0.596
 -0.899	 -0.535	 -0.936	 -0.598
 -0.909	 -0.540	 -0.936	 -0.598
 -0.916	 -0.544	 -0.936	 -0.598
 -0.914	 -0.542	 -0.935	 -0.598
 -0.912	 -0.538	 -0.931	 -0.601
 -0.913	 -0.540	 -0.931	 -0.601
 -0.914	 -0.550	 -0.931	 -0.606
 -0.914	 -0.560	 -0.931	 -0.606
 -0.913	 -0.563	 -0.931	 -0.606
 -0.913	 -0.570	 -0.930	 -0.611
 -0.912	 -0.576	 -0.931	 -0.612
 -0.914	 -0.563	 -0.932	 -0.620
 -0.918	 -0.528	 -0.932	 -0.616
 -0.923	 -0.488	 -0.932	 -0.616
 -0.928	 -0.439	 -0.932	 -0.616
 -0.932	 -0.396	 -0.932	 -0.603
 -0.936	 -0.350	 -0.932	 -0.597
 -0.940	 -0.304	 -0.926	 -0.440
 -0.943	 -0.241	 -0.922	 -0.396
 -0.944	 -0.186	 -0.922	 -0.396
 -0.945	 -0.151	 -0.922	 -0.396
 -0.945	 -0.117	 -0.919	 -0.349
 -0.946	 -0.083	 -0.918	 -0.334
 -0.948	 -0.035	 -0.901	 -0.206
 -0.948	 -0.013	 -0.901	 -0.206
 -0.947	  0.013	 -0.901	 -0.206
 -0.946	  0.033	 -0.901	 -0.206
 -0.946	  0.040	 -0.899	 -0.193
 -0.945	  0.042	 -0.899	 -0.193
 -0.945	  0.045	 -0.899	 -0.193
 -0.945	  0.045	 -0.891	 -0.137
 -0.946	  0.036	 -0.890	 -0.127
 -0.948	  0.009	 -0.889	 -0.119
 -0.950	 -0.013	 -0.876	 -0.030
 -0.951	 -0.017	 -0.876	 -0.032
 -0.951	 -0.019	 -0.882	 -0.062
 -0.951	 -0.022	 -0.882	 -0.062
 -0.953	 -0.033	 -0.882	 -0.062
 -0.954	 -0.045	 -0.882	 -0.065
 -0.954	 -0.053	 -0.886	 -0.079
 -0.954	 -0.051	 -0.887	 -0.081
 -0.954	 -0.045	 -0.887	 -0.081
 -0.954	 -0.025	 -0.887	 -0.081
 -0.953	 -0.005	 -0.887	 -0.081
 -0.953	 -0.002	 -0.887	 -0.081
 -0.953	 -0.003	 -0.887	 -0.081
 -0.953	 -0.003	 -0.888	 -0.073
 -0.953	 -0.003	 -0.888	 -0.073
 -0.953	 -0.003	 -0.888	 -0.073
 -0.953	 -0.009	 -0.888	 -0.073
 -0.954	 -0.027	 -0.888	 -0.073
 -0.955	 -0.037	 -0.887	 -0.067
 -0.955	 -0.034	 -0.886	 -0.067
 -0.955	 -0.025	 -0.886	 -0.067
 -0.957	 -0.011	 -0.886	 -0.067
 -0.958	 -0.005	 -0.886	 -0.067
 -0.955	 -0.009	 -0.886	 -0.067
 -0.950	 -0.014	 -0.886	 -0.067
 -0.945	 -0.016	 -0.889	 -0.085
 -0.947	 -0.016	 -0.889	 -0.086
 -0.955	 -0.017	 -0.889	 -0.086
 -0.957	 -0.017	 -0.889	 -0.086
 -0.946	 -0.016	 -0.889	 -0.086
 -0.922	 -0.013	 -0.889	 -0.086
 -0.926	 -0.014	 -0.889	 -0.086
 -0.953	 -0.017	 -0.889	 -0.086
 -0.985	 -0.021	 -0.885	 -0.072
 -1.027	 -0.026	 -0.885	 -0.072
 -1.064	 -0.029	 -0.885	 -0.072
 -1.096	 -0.031	 -0.885	 -0.072
 -1.132	 -0.032	 -0.880	 -0.073
 -1.184	 -0.034	 -0.880	 -0.073
 -1.246	 -0.035	 -0.880	 -0.073
 -1.287	 -0.035	 -0.880	 -0.073
 -1.339	 -0.036	 -1.157	 -0.048
 -1.389	 -0.036	 -1.157	 -0.048
 -1.438	 -0.036	 -1.157	 -0.048
 -1.468	 -0.036	 -1.157	 -0.048
 -1.495	 -0.036	 -1.234	 -0.037
 -1.527	 -0.036	 -1.249	 -0.035
 -1.544	 -0.037	 -1.249	 -0.035
 -1.548	 -0.037	 -1.249	 -0.035
 -1.548	 -0.037	 -1.249	 -0.035
 -1.552	 -0.036	 -1.249	 -0.035
 -1.559	 -0.036	 -1.249	 -0.035
 -1.557	 -0.036	 -1.249	 -0.035
 -1.539	 -0.037	 -1.249	 -0.035
 -1.513	 -0.039	 -1.249	 -0.035
 -1.486	 -0.042	 -1.249	 -0.035
 -1.470	 -0.043	 -1.249	 -0.035
 -1.461	 -0.044	 -1.249	 -0.035
 -1.445	 -0.045	 -1.249	 -0.035
 -1.427	 -0.045	 -1.249	 -0.035
 -1.412	 -0.046	 -1.249	 -0.035
 -1.411	 -0.046	 -1.452	 -0.005
 -1.414	 -0.046	 -1.442	 -0.007
 -1.422	 -0.045	 -1.442	 -0.007
 -1.441	 -0.044	 -1.362	 -0.027
 -1.465	 -0.042	 -1.362	 -0.027
 -1.472	 -0.041	 -1.362	 -0.027
 -1.471	 -0.042	 -1.373	 -0.024
 -1.471	 -0.042	 -1.376	 -0.024
 -1.471	 -0.042	 -1.400	 -0.017
 -1.471	 -0.042	 -1.405	 -0.015
 -1.471	 -0.042	 -1.406	 -0.015
 -1.473	 -0.041	 -1.406	 -0.015
 -1.484	 -0.041	 -1.406	 -0.015
 -1.494	 -0.041	 -1.406	 -0.015
 -1.495	 -0.041	 -1.406	 -0.015
 -1.483	 -0.037	 -1.406	 -0.015
 -1.471	 -0.029	 -1.412	 -0.013
 -1.470	 -0.029	 -1.413	 -0.013
 -1.473	 -0.034	 -1.413	 -0.013
 -1.473	 -0.034	 -1.413	 -0.013
 -1.473	 -0.025	 -1.413	 -0.013
 -1.474	 -0.019	 -1.413	 -0.013
 -1.473	 -0.023	 -1.413	 -0.013
 -1.473	 -0.023	 -1.411	 -0.006
 -1.472	 -0.033	 -1.411	 -0.006
 -1.467	 -0.065	 -1.411	 -0.006
 -1.463	 -0.105	 -1.411	 -0.006
 -1.459	 -0.141	 -1.410	 -0.006
 -1.457	 -0.183	 -1.410	 -0.007
 -1.454	 -0.241	 -1.410	 -0.007
 -1.452	 -0.298	 -1.410	 -0.007
 -1.449	 -0.347	 -1.412	 -0.091
 -1.447	 -0.387	 -1.414	 -0.115
 -1.446	 -0.432	 -1.415	 -0.127
 -1.444	 -0.488	 -1.438	 -0.320
 -1.443	 -0.529	 -1.445	 -0.382
 -1.443	 -0.555	 -1.445	 -0.382
 -1.443	 -0.575	 -1.445	 -0.382
 -1.443	 -0.601	 -1.454	 -0.435
 -1.444	 -0.629	 -1.454	 -0.435
 -1.444	 -0.643	 -1.454	 -0.435
 -1.444	 -0.644	 -1.454	 -0.435
 -1.444	 -0.644	 -1.454	 -0.435
 -1.444	 -0.635	 -1.474	 -0.564
 -1.443	 -0.608	 -1.475	 -0.570
 -1.442	 -0.587	 -1.477	 -0.581
 -1.442	 -0.583	 -1.477	 -0.581
 -1.442	 -0.583	 -1.477	 -0.581
 -1.441	 -0.573	 -1.477	 -0.581
 -1.440	 -0.556	 -1.477	 -0.581
 -1.439	 -0.545	 -1.468	 -0.540
 -1.439	 -0.545	 -1.467	 -0.536
 -1.440	 -0.552	 -1.466	 -0.533
 -1.440	 -0.568	 -1.464	 -0.532
 -1.441	 -0.583	 -1.464	 -0.532
 -1.441	 -0.586	 -1.465	 -0.530
 -1.441	 -0.586	 -1.465	 -0.533
 -1.441	 -0.585	 -1.469	 -0.548
 -1.440	 -0.575	 -1.469	 -0.549
 -1.439	 -0.560	 -1.470	 -0.551
 -1.438	 -0.551	 -1.469	 -0.549
 -1.439	 -0.556	 -1.469	 -0.549
 -1.440	 -0.566	 -1.469	 -0.549
 -1.442	 -0.584	 -1.467	 -0.543
 -1.443	 -0.599	 -1.467	 -0.542
 -1.443	 -0.600	 -1.467	 -0.542
 -1.443	 -0.599	 -1.467	 -0.542
 -1.443	 -0.598	 -1.467	 -0.542
 -1.443	 -0.596	 -1.467	 -0.542
 -1.443	 -0.596	 -1.467	 -0.542
 -1.444	 -0.593	 -1.467	 -0.542
 -1.444	 -0.593	 -1.467	 -0.542
 -1.446	 -0.591	 -1.475	 -0.568
 -1.451	 -0.590	 -1.475	 -0.568
 -1.464	 -0.590	 -1.475	 -0.568
 -1.482	 -0.594	 -1.475	 -0.568
 -1.486	 -0.595	 -1.475	 -0.568
 -1.487	 -0.596	 -1.479	 -0.566
 -1.491	 -0.597	 -1.479	 -0.566
 -1.486	 -0.596	 -1.479	 -0.566
 -1.453	 -0.586	 -1.508	 -0.564
 -1.415	 -0.577	 -1.508	 -0.564
 -1.375	 -0.569	 -1.506	 -0.564
 -1.334	 -0.562	 -1.506	 -0.564
 -1.278	 -0.554	 -1.506	 -0.564
 -1.226	 -0.548	 -1.504	 -0.563
 -1.178	 -0.543	 -1.504	 -0.563
 -1.104	 -0.537	 -1.504	 -0.563
 -1.034	 -0.531	 -1.496	 -0.563
 -0.969	 -0.526	 -1.491	 -0.561
 -0.923	 -0.523	 -1.399	 -0.560
 -0.883	 -0.520	 -1.399	 -0.560
 -0.844	 -0.517	 -1.399	 -0.560
 -0.819	 -0.514	 -1.399	 -0.560
 -0.810	 -0.514	 -1.399	 -0.560
 -0.808	 -0.513	 -1.399	 -0.560
 -0.805	 -0.513	 -0.864	 -0.612
 -0.805	 -0.513	 -0.864	 -0.612
 -0.817	 -0.514	 -0.864	 -0.612
 -0.851	 -0.515	 -0.853	 -0.615
 -0.883	 -0.515	 -0.853	 -0.615
 -0.914	 -0.516	 -0.853	 -0.615
 -0.941	 -0.516	 -0.847	 -0.615
 -0.962	 -0.515	 -0.847	 -0.615
 -0.986	 -0.515	 -0.847	 -0.615
 -1.009	 -0.513	 -0.847	 -0.615
 -1.027	 -0.512	 -0.967	 -0.590
 -1.032	 -0.511	 -0.967	 -0.590
 -1.033	 -0.511	 -0.967	 -0.590
 -1.036	 -0.511	 -0.982	 -0.588
 -1.039	 -0.511	 -0.989	 -0.586
 -1.042	 -0.511	 -0.989	 -0.586
 -1.043	 -0.511	 -0.996	 -0.585
 -1.037	 -0.511	 -0.996	 -0.585
 -1.014	 -0.511	 -0.996	 -0.585
 -0.986	 -0.510	 -1.056	 -0.570
 -0.962	 -0.510	 -1.028	 -0.575
 -0.951	 -0.510	 -1.024	 -0.575
 -0.942	 -0.510	 -1.013	 -0.578
 -0.927	 -0.510	 -1.002	 -0.579
 -0.906	 -0.509	 -1.002	 -0.579
 -0.886	 -0.508	 -1.002	 -0.579
 -0.882	 -0.508	 -0.997	 -0.580
 -0.885	 -0.509	 -0.997	 -0.580
 -0.891	 -0.512	 -0.997	 -0.580
 -0.895	 -0.515	 -0.997	 -0.580
 -0.895	 -0.515	 -0.917	 -0.597
 -0.895	 -0.515	 -0.915	 -0.598
 -0.896	 -0.519	 -0.915	 -0.598
 -0.898	 -0.531	 -0.915	 -0.598
 -0.898	 -0.543	 -0.915	 -0.598
 -0.896	 -0.560	 -0.915	 -0.605
 -0.892	 -0.576	 -0.915	 -0.605
 -0.894	 -0.569	 -0.915	 -0.605
 -0.901	 -0.542	 -0.915	 -0.605
 -0.909	 -0.506	 -0.915	 -0.605
 -0.916	 -0.462	 -0.925	 -0.628
 -0.922	 -0.416	 -0.925	 -0.628
 -0.927	 -0.361	 -0.925	 -0.628
 -0.933	 -0.295	 -0.925	 -0.628
 -0.936	 -0.248	 -0.925	 -0.628
 -0.938	 -0.204	 -0.925	 -0.628
 -0.940	 -0.160	 -0.925	 -0.628
 -0.942	 -0.108	 -0.895	 -0.281
 -0.944	 -0.053	 -0.893	 -0.266
 -0.945	 -0.030	 -0.890	 -0.252
 -0.946	 -0.011	 -0.890	 -0.252
 -0.947	  0.012	 -0.890	 -0.252
 -0.947	  0.038	 -0.887	 -0.237
 -0.947	  0.049	 -0.882	 -0.210
 -0.947	  0.048	 -0.882	 -0.210
 -0.947	  0.047	 -0.877	 -0.185
 -0.948	  0.040	 -0.877	 -0.185
 -0.948	  0.022	 -0.877	 -0.185
 -0.949	  0.000	 -0.877	 -0.185
 -0.950	 -0.009	 -0.856	 -0.048
 -0.950	 -0.012	 -0.861	 -0.066
 -0.951	 -0.017	 -0.866	 -0.088
 -0.951	 -0.025	 -0.866	 -0.091
 -0.953	 -0.037	 -0.866	 -0.091
 -0.953	 -0.046	 -0.866	 -0.091
 -0.953	 -0.046	 -0.870	 -0.104
 -0.953	 -0.043	 -0.871	 -0.107
 -0.953	 -0.039	 -0.875	 -0.120
 -0.952	 -0.028	 -0.874	 -0.118
 -0.952	 -0.012	 -0.874	 -0.118
 -0.951	 -0.002	 -0.873	 -0.115
 -0.951	 -0.003	 -0.873	 -0.115
 -0.951	 -0.006	 -0.872	 -0.111
 -0.952	 -0.022	 -0.872	 -0.109
 -0.953	 -0.038	 -0.872	 -0.109
 -0.953	 -0.041	 -0.872	 -0.109
 -0.953	 -0.039	 -0.869	 -0.098
 -0.953	 -0.032	 -0.870	 -0.098
 -0.953	 -0.019	 -0.870	 -0.098
 -0.953	 -0.009	 -0.870	 -0.098
 -0.953	 -0.005	 -0.870	 -0.098
 -0.951	 -0.012	 -0.870	 -0.098
 -0.945	 -0.023	 -0.872	 -0.108
 -0.939	 -0.029	 -0.868	 -0.098
 -0.936	 -0.031	 -0.866	 -0.098
 -0.937	 -0.031	 -0.866	 -0.098
 -0.941	 -0.031	 -0.866	 -0.098
 -0.940	 -0.031	 -0.862	 -0.104
 -0.936	 -0.030	 -0.862	 -0.105
 -0.915	 -0.027	 -0.862	 -0.105
 -0.915	 -0.027	 -0.856	 -0.109
 -0.929	 -0.029	 -0.856	 -0.109
 -0.970	 -0.035	 -0.856	 -0.109
 -1.003	 -0.038	 -0.856	 -0.109
 -1.035	 -0.041	 -0.864	 -0.109
 -1.084	 -0.045	 -0.873	 -0.109
 -1.143	 -0.049	 -0.873	 -0.109
 -1.208	 -0.052	 -0.873	 -0.109
 -1.255	 -0.054	 -0.873	 -0.109
 -1.299	 -0.055	 -0.873	 -0.109
 -1.358	 -0.056	 -0.873	 -0.109
 -1.404	 -0.057	 -0.873	 -0.109
 -1.440	 -0.058	 -0.873	 -0.109
 -1.469	 -0.058	 -0.873	 -0.109
 -1.506	 -0.059	 -0.873	 -0.109
 -1.535	 -0.059	 -0.873	 -0.109
 -1.544	 -0.059	 -1.000	 -0.096
 -1.544	 -0.059	 -1.014	 -0.095
 -1.544	 -0.059	 -1.014	 -0.095
 -1.544	 -0.059	 -1.014	 -0.095
 -1.544	 -0.059	 -1.014	 -0.095
 -1.539	 -0.059	 -1.014	 -0.095
 -1.516	 -0.060	 -1.014	 -0.095
 -1.486	 -0.062	 -1.014	 -0.095
 -1.468	 -0.064	 -1.445	 -0.020
 -1.462	 -0.064	 -1.445	 -0.020
 -1.455	 -0.065	 -1.445	 -0.020
 -1.441	 -0.066	 -1.445	 -0.020
 -1.422	 -0.066	 -1.445	 -0.020
 -1.412	 -0.067	 -1.445	 -0.020
 -1.415	 -0.067	 -1.413	 -0.029
 -1.421	 -0.067	 -1.413	 -0.029
 -1.438	 -0.066	 -1.413	 -0.029
 -1.461	 -0.064	 -1.413	 -0.029
 -1.476	 -0.063	 -1.413	 -0.029
 -1.476	 -0.063	 -1.413	 -0.029
 -1.476	 -0.063	 -1.413	 -0.029
 -1.475	 -0.063	 -1.413	 -0.029
 -1.466	 -0.064	 -1.413	 -0.029
 -1.454	 -0.064	 -1.413	 -0.029
 -1.447	 -0.065	 -1.413	 -0.029
 -1.452	 -0.065	 -1.388	 -0.037
 -1.463	 -0.064	 -1.388	 -0.037
 -1.483	 -0.063	 -1.388	 -0.037
 -1.499	 -0.063	 -1.380	 -0.040
 -1.504	 -0.063	 -1.380	 -0.040
 -1.501	 -0.062	 -1.380	 -0.040
 -1.498	 -0.061	 -1.385	 -0.038
 -1.497	 -0.060	 -1.385	 -0.038
 -1.499	 -0.062	 -1.416	 -0.028
 -1.499	 -0.064	 -1.416	 -0.028
 -1.499	 -0.062	 -1.416	 -0.028
 -1.499	 -0.055	 -1.416	 -0.028
 -1.499	 -0.055	 -1.417	 -0.027
 -1.499	 -0.052	 -1.418	 -0.026
 -1.499	 -0.048	 -1.418	 -0.026
 -1.499	 -0.049	 -1.418	 -0.026
 -1.497	 -0.076	 -1.418	 -0.026
 -1.492	 -0.124	 -1.418	 -0.026
 -1.487	 -0.168	 -1.418	 -0.026
 -1.483	 -0.211	 -1.418	 -0.026
 -1.477	 -0.270	 -1.418	 -0.026
 -1.473	 -0.328	 -1.420	 -0.027
 -1.469	 -0.377	 -1.420	 -0.026
 -1.467	 -0.426	 -1.420	 -0.031
 -1.466	 -0.489	 -1.450	 -0.299
 -1.465	 -0.536	 -1.450	 -0.299
 -1.466	 -0.577	 -1.450	 -0.299
 -1.466	 -0.609	 -1.450	 -0.299
 -1.466	 -0.638	 -1.450	 -0.299
 -1.466	 -0.655	 -1.465	 -0.400
 -1.466	 -0.663	 -1.468	 -0.415
 -1.466	 -0.671	 -1.468	 -0.415
 -1.466	 -0.673	 -1.468	 -0.415
 -1.466	 -0.670	 -1.468	 -0.415
 -1.465	 -0.647	 -1.468	 -0.415
 -1.464	 -0.616	 -1.468	 -0.415
 -1.462	 -0.592	 -1.468	 -0.415
 -1.462	 -0.588	 -1.468	 -0.415
 -1.461	 -0.580	 -1.468	 -0.415
 -1.459	 -0.554	 -1.468	 -0.415
 -1.458	 -0.530	 -1.505	 -0.588
 -1.458	 -0.526	 -1.505	 -0.588
 -1.458	 -0.528	 -1.507	 -0.594
 -1.458	 -0.527	 -1.507	 -0.594
 -1.458	 -0.527	 -1.507	 -0.594
 -1.458	 -0.527	 -1.507	 -0.594
 -1.458	 -0.527	 -1.507	 -0.594
 -1.458	 -0.528	 -1.507	 -0.594
 -1.458	 -0.532	 -1.507	 -0.594
 -1.459	 -0.548	 -1.507	 -0.594
 -1.460	 -0.565	 -1.507	 -0.594
 -1.460	 -0.566	 -1.507	 -0.594
 -1.460	 -0.566	 -1.476	 -0.498
 -1.460	 -0.566	 -1.476	 -0.498
 -1.460	 -0.566	 -1.486	 -0.529
FINISHED CYCLE

