FORWARD START
  0.793	  0.591	 -1.025	  0.668
  0.792	  0.595	 -1.035	  0.668
  0.786	  0.630	 -1.035	  0.668
  0.782	  0.665	 -1.035	  0.668
  0.778	  0.695	 -1.035	  0.668
  0.775	  0.728	 -1.035	  0.668
  0.771	  0.778	 -0.991	  0.669
  0.765	  0.842	 -0.982	  0.668
  0.759	  0.891	 -0.870	  0.662
  0.754	  0.930	 -0.870	  0.662
  0.748	  0.971	 -0.717	  0.652
  0.739	  1.032	 -0.671	  0.651
  0.732	  1.086	 -0.625	  0.651
  0.727	  1.119	 -0.625	  0.651
  0.721	  1.161	 -0.625	  0.651
  0.713	  1.212	 -0.553	  0.646
  0.707	  1.254	 -0.467	  0.643
  0.703	  1.285	 -0.428	  0.642
  0.700	  1.306	 -0.393	  0.641
  0.697	  1.324	 -0.350	  0.639
  0.692	  1.355	 -0.304	  0.638
  0.687	  1.389	 -0.278	  0.637
  0.684	  1.413	 -0.262	  0.637
  0.683	  1.423	 -0.262	  0.637
  0.681	  1.436	 -0.262	  0.637
  0.676	  1.472	 -0.249	  0.636
  0.673	  1.498	 -0.233	  0.636
  0.672	  1.511	 -0.233	  0.636
  0.670	  1.523	 -0.233	  0.636
  0.665	  1.559	 -0.218	  0.635
FORWARD COMPLETE START TURNING
  0.658	  1.600	 -0.155	  0.632
  0.655	  1.612	 -0.071	  0.629
  0.651	  1.621	 -0.060	  0.628
  0.648	  1.628	 -0.033	  0.626
  0.644	  1.634	 -0.012	  0.628
  0.641	  1.639	 -0.005	  0.630
  0.640	  1.640	 -0.001	  0.630
  0.646	  1.632	 -0.007	  0.627
  0.662	  1.613	 -0.012	  0.624
  0.678	  1.599	 -0.021	  0.619
  0.692	  1.589	 -0.028	  0.614
  0.698	  1.586	 -0.042	  0.601
  0.699	  1.586	 -0.046	  0.595
  0.699	  1.586	 -0.046	  0.595
  0.698	  1.587	 -0.048	  0.593
  0.688	  1.591	 -0.049	  0.592
  0.677	  1.595	 -0.049	  0.592
  0.672	  1.596	 -0.048	  0.593
  0.675	  1.595	 -0.048	  0.593
  0.685	  1.593	 -0.043	  0.599
  0.698	  1.591	 -0.045	  0.592
  0.710	  1.590	 -0.046	  0.586
  0.718	  1.590	 -0.047	  0.581
  0.719	  1.591	 -0.048	  0.579
  0.713	  1.590	 -0.048	  0.579
  0.696	  1.590	 -0.048	  0.579
  0.678	  1.589	 -0.048	  0.578
  0.672	  1.589	 -0.046	  0.594
  0.672	  1.589	 -0.043	  0.608
  0.672	  1.589	 -0.042	  0.616
  0.664	  1.588	 -0.043	  0.620
  0.646	  1.586	 -0.041	  0.625
  0.642	  1.586	 -0.041	  0.627
  0.648	  1.587	 -0.041	  0.627
  0.664	  1.588	 -0.041	  0.624
  0.681	  1.590	 -0.042	  0.616
  0.690	  1.591	 -0.042	  0.611
  0.690	  1.591	 -0.043	  0.604
  0.690	  1.591	 -0.043	  0.602
  0.686	  1.590	 -0.043	  0.603
  0.672	  1.589	 -0.043	  0.603
FORWARD START
  0.669	  1.588	 -0.043	  0.603
  0.675	  1.589	 -0.042	  0.608
  0.669	  1.588	 -0.042	  0.610
  0.644	  1.584	 -0.042	  0.625
  0.600	  1.576	 -0.043	  0.634
  0.563	  1.569	 -0.043	  0.634
  0.531	  1.564	 -0.043	  0.666
  0.502	  1.558	 -0.041	  0.694
  0.458	  1.551	 -0.041	  0.694
  0.394	  1.540	 -0.039	  0.814
  0.346	  1.532	 -0.039	  0.814
  0.311	  1.527	 -0.039	  0.814
  0.268	  1.520	 -0.038	  0.885
  0.209	  1.510	 -0.033	  0.991
  0.154	  1.500	 -0.033	  0.991
  0.109	  1.492	 -0.033	  0.991
  0.068	  1.485	 -0.032	  1.007
  0.031	  1.479	 -0.032	  1.007
 -0.006	  1.473	 -0.031	  1.037
 -0.037	  1.467	 -0.030	  1.068
 -0.069	  1.461	 -0.029	  1.083
 -0.096	  1.456	 -0.029	  1.083
 -0.120	  1.451	 -0.029	  1.083
 -0.139	  1.448	 -0.023	  1.292
 -0.158	  1.444	 -0.022	  1.304
 -0.192	  1.438	 -0.020	  1.459
 -0.225	  1.432	 -0.019	  1.476
 -0.241	  1.430	 -0.019	  1.476
 -0.251	  1.428	 -0.019	  1.492
 -0.276	  1.425	 -0.018	  1.507
FORWARD COMPLETE START TURNING
 -0.327	  1.416	 -0.017	  1.515
 -0.352	  1.411	 -0.017	  1.515
 -0.356	  1.410	 -0.017	  1.515
 -0.356	  1.410	 -0.013	  1.601
 -0.356	  1.410	 -0.012	  1.614
 -0.348	  1.413	 -0.012	  1.614
 -0.335	  1.420	 -0.010	  1.651
 -0.321	  1.430	 -0.010	  1.651
 -0.311	  1.440	 -0.010	  1.648
 -0.302	  1.451	 -0.010	  1.648
 -0.298	  1.459	 -0.010	  1.648
 -0.296	  1.462	 -0.008	  1.644
 -0.295	  1.464	 -0.007	  1.641
 -0.295	  1.465	 -0.007	  1.641
 -0.294	  1.467	 -0.007	  1.641
 -0.292	  1.471	  0.025	  1.599
 -0.290	  1.477	  0.026	  1.598
 -0.288	  1.484	  0.036	  1.591
 -0.287	  1.490	  0.042	  1.588
 -0.287	  1.493	  0.044	  1.586
 -0.288	  1.486	  0.045	  1.586
 -0.289	  1.470	  0.045	  1.586
 -0.290	  1.452	  0.045	  1.586
 -0.289	  1.436	  0.044	  1.586
 -0.289	  1.432	  0.038	  1.588
 -0.289	  1.433	  0.008	  1.596
 -0.289	  1.435	  0.003	  1.597
 -0.289	  1.435	  0.005	  1.596
 -0.290	  1.445	  0.008	  1.596
 -0.292	  1.461	  0.013	  1.596
 -0.293	  1.470	  0.016	  1.595
 -0.292	  1.465	  0.019	  1.595
 -0.291	  1.452	  0.020	  1.595
 -0.288	  1.434	  0.014	  1.595
 -0.287	  1.425	  0.008	  1.596
 -0.287	  1.427	  0.002	  1.596
 -0.287	  1.429	  0.000	  1.596
FORWARD START
 -0.289	  1.438	  0.000	  1.596
 -0.294	  1.465	  0.000	  1.596
 -0.292	  1.455	 -0.001	  1.597
 -0.288	  1.427	 -0.000	  1.597
 -0.281	  1.381	 -0.015	  1.597
 -0.276	  1.345	 -0.043	  1.599
 -0.271	  1.316	 -0.043	  1.599
 -0.266	  1.284	 -0.043	  1.599
 -0.256	  1.223	 -0.070	  1.602
 -0.247	  1.165	 -0.092	  1.603
 -0.239	  1.113	 -0.213	  1.609
 -0.232	  1.069	 -0.276	  1.612
 -0.226	  1.028	 -0.358	  1.617
 -0.216	  0.969	 -0.424	  1.621
 -0.207	  0.913	 -0.457	  1.623
 -0.197	  0.853	 -0.506	  1.625
 -0.188	  0.802	 -0.506	  1.625
 -0.182	  0.763	 -0.573	  1.630
 -0.177	  0.735	 -0.589	  1.630
 -0.171	  0.706	 -0.699	  1.637
 -0.162	  0.658	 -0.747	  1.639
 -0.157	  0.626	 -0.768	  1.639
 -0.155	  0.614	 -0.786	  1.640
 -0.154	  0.606	 -0.786	  1.640
 -0.151	  0.587	 -0.803	  1.641
 -0.146	  0.560	 -0.820	  1.642
 -0.143	  0.541	 -0.820	  1.642
 -0.142	  0.538	 -0.820	  1.642
 -0.142	  0.537	 -0.820	  1.642
 -0.139	  0.521	 -0.820	  1.642
 -0.133	  0.490	 -0.820	  1.642
 -0.128	  0.460	 -0.820	  1.642
 -0.126	  0.451	 -0.903	  1.647
 -0.126	  0.448	 -0.933	  1.647
FORWARD COMPLETE START TURNING
 -0.126	  0.444	 -0.933	  1.647
 -0.124	  0.439	 -1.004	  1.651
 -0.125	  0.441	 -1.006	  1.652
 -0.127	  0.448	 -1.006	  1.652
 -0.130	  0.460	 -1.002	  1.652
 -0.135	  0.470	 -1.002	  1.652
 -0.140	  0.480	 -1.002	  1.652
 -0.140	  0.480	 -0.995	  1.653
 -0.135	  0.475	 -0.995	  1.653
 -0.130	  0.469	 -0.995	  1.653
 -0.125	  0.464	 -0.986	  1.652
 -0.117	  0.458	 -0.987	  1.651
 -0.110	  0.453	 -0.987	  1.651
 -0.105	  0.450	 -1.002	  1.641
 -0.109	  0.452	 -1.002	  1.641
 -0.113	  0.453	 -1.002	  1.641
 -0.118	  0.455	 -1.002	  1.641
 -0.122	  0.457	 -1.002	  1.641
 -0.124	  0.457	 -1.003	  1.642
 -0.124	  0.457	 -1.005	  1.640
 -0.119	  0.456	 -1.003	  1.642
 -0.111	  0.454	 -1.003	  1.643
 -0.100	  0.453	 -1.003	  1.643
 -0.088	  0.454	 -1.003	  1.643
 -0.080	  0.455	 -1.003	  1.643
FORWARD START
 -0.077	  0.455	 -1.003	  1.643
 -0.079	  0.455	 -1.003	  1.643
 -0.076	  0.455	 -1.003	  1.643
 -0.053	  0.460	 -1.008	  1.614
 -0.015	  0.468	 -1.012	  1.568
  0.021	  0.476	 -1.008	  1.518
  0.062	  0.485	 -1.008	  1.506
  0.102	  0.494	 -1.008	  1.506
  0.144	  0.503	 -1.008	  1.506
  0.199	  0.515	 -1.013	  1.356
  0.243	  0.524	 -1.013	  1.356
  0.280	  0.531	 -1.013	  1.356
  0.310	  0.537	 -1.013	  1.343
  0.349	  0.544	 -1.014	  1.303
  0.407	  0.554	 -1.014	  1.276
  0.446	  0.562	 -1.017	  1.180
  0.480	  0.569	 -1.020	  1.127
  0.513	  0.576	 -1.023	  1.074
  0.563	  0.586	 -1.023	  1.074
  0.611	  0.596	 -1.025	  0.982
  0.637	  0.600	 -1.025	  0.982
  0.653	  0.603	 -1.027	  0.922
  0.684	  0.609	 -1.027	  0.922
  0.728	  0.617	 -1.027	  0.922
  0.757	  0.622	 -1.029	  0.888
  0.774	  0.625	 -1.030	  0.866
  0.789	  0.627	 -1.030	  0.855
  0.820	  0.632	 -1.030	  0.855
  0.853	  0.637	 -1.039	  0.715
  0.896	  0.645	 -1.039	  0.715
STOP

FORWARD START
 -0.019	  0.016	 -1.255	  0.607
 -0.022	  0.016	 -1.259	  0.607
 -0.022	  0.016	 -1.262	  0.607
 -0.003	  0.016	 -1.252	  0.607
  0.039	  0.015	 -1.242	  0.607
  0.087	  0.015	 -1.242	  0.607
  0.128	  0.016	 -1.221	  0.606
  0.168	  0.016	 -1.213	  0.606
  0.229	  0.016	 -1.147	  0.604
  0.288	  0.015	 -1.147	  0.604
  0.340	  0.015	 -1.042	  0.604
  0.379	  0.014	 -1.042	  0.604
  0.426	  0.013	 -1.011	  0.603
  0.493	  0.011	 -1.011	  0.603
  0.544	  0.010	 -1.011	  0.603
  0.581	  0.010	 -0.947	  0.601
  0.617	  0.010	 -0.947	  0.601
  0.665	  0.011	 -0.663	  0.591
  0.706	  0.011	 -0.635	  0.590
  0.734	  0.011	 -0.610	  0.590
  0.752	  0.011	 -0.610	  0.590
  0.772	  0.012	 -0.597	  0.590
  0.806	  0.013	 -0.551	  0.590
  0.836	  0.014	 -0.541	  0.589
  0.849	  0.015	 -0.541	  0.589
  0.855	  0.015	 -0.541	  0.589
  0.874	  0.015	 -0.442	  0.588
  0.909	  0.014	 -0.435	  0.588
  0.934	  0.013	 -0.367	  0.589
  0.959	  0.011	 -0.367	  0.589
  0.972	  0.010	 -0.327	  0.589
  0.971	  0.010	 -0.327	  0.589
  0.965	  0.010	 -0.322	  0.587
  0.949	  0.010	 -0.294	  0.585
  0.922	  0.011	 -0.294	  0.585
  0.889	  0.011	 -0.288	  0.583
  0.888	  0.011	 -0.288	  0.583
  0.903	  0.011	 -0.288	  0.583
  0.928	  0.011	 -0.288	  0.583
  0.969	  0.011	 -0.313	  0.584
FORWARD COMPLETE START TURNING
  1.005	  0.011	 -0.291	  0.584
  1.043	  0.017	 -0.266	  0.584
  1.080	  0.027	 -0.248	  0.583
  1.120	  0.043	 -0.248	  0.583
  1.146	  0.057	 -0.248	  0.583
  1.157	  0.064	 -0.183	  0.587
  1.163	  0.068	 -0.183	  0.587
  1.169	  0.073	 -0.102	  0.614
  1.175	  0.079	 -0.087	  0.622
  1.177	  0.082	 -0.076	  0.628
  1.176	  0.080	 -0.071	  0.631
  1.164	  0.066	 -0.073	  0.629
  1.147	  0.042	 -0.079	  0.621
  1.137	  0.026	 -0.087	  0.609
  1.133	  0.018	 -0.092	  0.602
  1.130	  0.010	 -0.095	  0.598
  1.122	 -0.009	 -0.095	  0.598
  1.112	 -0.033	 -0.100	  0.591
  1.103	 -0.055	 -0.103	  0.586
  1.102	 -0.058	 -0.110	  0.572
  1.102	 -0.058	 -0.129	  0.530
  1.102	 -0.058	 -0.136	  0.514
  1.102	 -0.058	 -0.136	  0.514
  1.102	 -0.057	 -0.136	  0.514
  1.106	 -0.046	 -0.136	  0.514
  1.110	 -0.030	 -0.136	  0.514
  1.112	 -0.018	 -0.136	  0.514
  1.112	 -0.020	 -0.138	  0.509
  1.111	 -0.024	 -0.138	  0.508
  1.110	 -0.030	 -0.138	  0.508
  1.108	 -0.040	 -0.138	  0.508
  1.106	 -0.049	 -0.138	  0.508
  1.106	 -0.051	 -0.138	  0.508
  1.106	 -0.051	 -0.131	  0.526
  1.108	 -0.037	 -0.131	  0.526
  1.111	 -0.014	 -0.131	  0.526
FORWARD START
  1.112	 -0.007	 -0.131	  0.526
  1.111	 -0.020	 -0.130	  0.533
  1.111	 -0.014	 -0.129	  0.543
  1.113	  0.018	 -0.126	  0.554
  1.114	  0.062	 -0.126	  0.554
  1.116	  0.103	 -0.123	  0.615
  1.119	  0.153	 -0.122	  0.626
  1.122	  0.202	 -0.120	  0.637
  1.124	  0.249	 -0.120	  0.637
  1.127	  0.286	 -0.120	  0.637
  1.129	  0.322	 -0.116	  0.675
  1.131	  0.377	 -0.115	  0.689
  1.134	  0.428	 -0.115	  0.689
  1.136	  0.463	 -0.115	  0.689
  1.138	  0.494	 -0.096	  0.900
  1.141	  0.544	 -0.082	  1.038
  1.144	  0.594	 -0.079	  1.077
  1.146	  0.628	 -0.076	  1.103
  1.147	  0.656	 -0.076	  1.103
  1.149	  0.694	 -0.074	  1.115
  1.151	  0.730	 -0.074	  1.115
  1.153	  0.761	 -0.071	  1.140
  1.155	  0.778	 -0.068	  1.163
  1.155	  0.791	 -0.067	  1.178
  1.157	  0.819	 -0.052	  1.347
  1.159	  0.850	 -0.050	  1.363
  1.160	  0.881	 -0.047	  1.387
  1.161	  0.896	 -0.046	  1.394
  1.161	  0.906	 -0.043	  1.417
  1.163	  0.934	 -0.043	  1.417
  1.165	  0.971	 -0.039	  1.470
FORWARD COMPLETE START TURNING
  1.168	  1.007	 -0.037	  1.501
  1.167	  1.019	 -0.036	  1.508
  1.166	  1.027	 -0.029	  1.556
  1.166	  1.028	 -0.027	  1.571
  1.167	  1.026	 -0.027	  1.571
  1.170	  1.014	 -0.027	  1.571
  1.177	  0.995	 -0.027	  1.579
  1.190	  0.974	 -0.027	  1.581
  1.200	  0.963	 -0.027	  1.581
  1.204	  0.958	 -0.017	  1.558
  1.204	  0.958	 -0.006	  1.539
  1.203	  0.959	 -0.002	  1.533
  1.199	  0.962	  0.001	  1.531
  1.193	  0.967	  0.001	  1.531
  1.185	  0.973	  0.001	  1.531
  1.180	  0.977	 -0.001	  1.533
  1.180	  0.977	 -0.002	  1.533
  1.184	  0.974	 -0.007	  1.539
  1.204	  0.965	  0.001	  1.535
  1.222	  0.958	  0.003	  1.534
  1.230	  0.955	  0.010	  1.530
  1.231	  0.955	  0.010	  1.530
  1.230	  0.955	  0.012	  1.529
  1.221	  0.957	  0.019	  1.525
  1.204	  0.961	  0.021	  1.524
  1.188	  0.964	  0.021	  1.524
  1.186	  0.964	  0.009	  1.527
  1.186	  0.964	 -0.000	  1.531
  1.198	  0.962	 -0.002	  1.531
  1.215	  0.959	 -0.002	  1.531
  1.221	  0.958	 -0.000	  1.531
  1.220	  0.958	  0.004	  1.529
  1.212	  0.959	  0.008	  1.527
  1.192	  0.962	  0.005	  1.528
  1.171	  0.964	  0.005	  1.528
  1.164	  0.965	 -0.002	  1.530
  1.166	  0.965	 -0.011	  1.531
  1.169	  0.965	 -0.022	  1.534
  1.174	  0.964	 -0.025	  1.534
  1.180	  0.964	 -0.026	  1.535
FORWARD START
  1.203	  0.963	 -0.026	  1.534
  1.211	  0.962	 -0.020	  1.534
  1.187	  0.963	 -0.019	  1.534
  1.146	  0.966	 -0.018	  1.533
  1.115	  0.969	 -0.061	  1.539
  1.075	  0.972	 -0.118	  1.546
  1.025	  0.977	 -0.131	  1.548
  0.951	  0.983	 -0.161	  1.552
  0.887	  0.989	 -0.243	  1.564
  0.844	  0.993	 -0.312	  1.575
  0.798	  0.997	 -0.331	  1.578
  0.732	  1.002	 -0.331	  1.578
  0.653	  1.009	 -0.351	  1.580
  0.596	  1.013	 -0.406	  1.588
  0.553	  1.017	 -0.533	  1.606
  0.515	  1.019	 -0.533	  1.606
  0.462	  1.021	 -0.651	  1.622
  0.413	  1.023	 -0.681	  1.626
  0.385	  1.024	 -0.721	  1.630
  0.377	  1.025	 -0.767	  1.636
  0.368	  1.025	 -0.795	  1.638
  0.348	  1.026	 -0.795	  1.638
  0.328	  1.027	 -0.795	  1.638
  0.320	  1.027	 -0.795	  1.638
  0.320	  1.027	 -0.795	  1.638
  0.320	  1.027	 -0.795	  1.638
  0.311	  1.028	 -0.795	  1.638
  0.292	  1.028	 -0.795	  1.638
  0.272	  1.029	 -0.795	  1.638
  0.256	  1.029	 -0.795	  1.638
  0.244	  1.030	 -0.795	  1.638
  0.223	  1.031	 -0.795	  1.638
FORWARD COMPLETE START TURNING
  0.171	  1.034	 -0.795	  1.638
  0.159	  1.034	 -0.795	  1.638
  0.152	  1.034	 -0.795	  1.638
  0.148	  1.033	 -0.795	  1.638
  0.143	  1.032	 -0.795	  1.638
  0.138	  1.031	 -0.795	  1.638
  0.133	  1.029	 -1.040	  1.664
  0.134	  1.030	 -1.040	  1.664
  0.144	  1.034	 -1.040	  1.664
  0.153	  1.038	 -1.040	  1.664
  0.159	  1.042	 -1.062	  1.663
  0.153	  1.038	 -1.062	  1.664
  0.146	  1.031	 -1.062	  1.664
  0.139	  1.024	 -1.062	  1.664
  0.134	  1.018	 -1.057	  1.666
  0.131	  1.014	 -1.056	  1.666
  0.131	  1.014	 -1.056	  1.666
  0.131	  1.014	 -1.056	  1.666
  0.131	  1.014	 -1.071	  1.651
  0.128	  1.009	 -1.071	  1.651
  0.124	  1.001	 -1.071	  1.651
  0.120	  0.992	 -1.071	  1.651
  0.117	  0.984	 -1.071	  1.651
  0.117	  0.982	 -1.071	  1.651
  0.117	  0.985	 -1.071	  1.651
  0.120	  0.994	 -1.071	  1.651
error -1 decoding balancebot_msg_t!!!
  0.122	  1.007	 -1.071	  1.651
  0.123	  1.018	 -1.088	  1.626
FORWARD START
  0.124	  1.033	 -1.088	  1.626
  0.123	  1.040	 -1.088	  1.626
  0.124	  1.027	 -1.086	  1.635
  0.125	  0.986	 -1.086	  1.635
  0.126	  0.955	 -1.086	  1.635
  0.126	  0.923	 -1.083	  1.642
  0.125	  0.874	 -1.083	  1.642
  0.126	  0.815	 -1.083	  1.642
  0.127	  0.764	 -1.085	  1.566
  0.127	  0.712	 -1.087	  1.527
  0.126	  0.641	 -1.093	  1.407
  0.125	  0.574	 -1.093	  1.407
  0.123	  0.497	 -1.093	  1.407
  0.121	  0.435	 -1.093	  1.407
  0.120	  0.390	 -1.093	  1.407
  0.120	  0.353	 -1.093	  1.407
  0.120	  0.316	 -1.093	  1.407
  0.121	  0.264	 -1.093	  1.407
  0.121	  0.233	 -1.093	  1.407
  0.121	  0.221	 -1.093	  1.407
  0.120	  0.211	 -1.093	  1.407
  0.119	  0.197	 -1.093	  1.407
  0.116	  0.174	 -1.093	  1.407
  0.115	  0.159	 -1.093	  1.407
  0.115	  0.159	 -1.150	  0.818
  0.115	  0.163	 -1.150	  0.818
  0.115	  0.162	 -1.150	  0.818
  0.115	  0.159	 -1.150	  0.818
  0.114	  0.140	 -1.154	  0.796
  0.114	  0.113	 -1.154	  0.796
  0.114	  0.088	 -1.155	  0.794
  0.115	  0.065	 -1.155	  0.790
STOP


FORWARD START
  0.011	  0.008	 -1.518	  1.424
 -0.003	  0.008	 -1.519	  1.415
  0.005	  0.008	 -1.518	  1.409
  0.036	  0.008	 -1.518	  1.409
  0.067	  0.008	 -1.518	  1.409
  0.106	  0.008	 -1.518	  1.409
  0.147	  0.008	 -1.518	  1.409
  0.205	  0.008	 -1.518	  1.409
  0.262	  0.007	 -1.518	  1.409
  0.308	  0.006	 -1.518	  1.409
  0.343	  0.005	 -1.518	  1.409
  0.391	  0.004	 -1.518	  1.409
  0.454	  0.002	 -1.520	  1.203
  0.504	  0.002	 -1.526	  0.974
  0.544	  0.002	 -1.526	  0.959
  0.574	  0.002	 -1.526	  0.959
  0.615	  0.002	 -1.527	  0.929
  0.665	  0.003	 -1.528	  0.901
  0.716	  0.003	 -1.527	  0.804
  0.752	  0.003	 -1.527	  0.804
  0.782	  0.003	 -1.527	  0.804
  0.817	  0.003	 -1.527	  0.750
  0.855	  0.003	 -1.527	  0.711
  0.895	  0.003	 -1.527	  0.711
  0.921	  0.003	 -1.527	  0.711
  0.937	  0.004	 -1.527	  0.684
  0.957	  0.004	 -1.528	  0.579
  0.983	  0.004	 -1.528	  0.502
FORWARD COMPLETE START TURNING
  1.026	  0.004	 -1.529	  0.476
  1.032	  0.004	 -1.529	  0.476
  1.023	  0.003	 -1.529	  0.476
  1.008	  0.001	 -1.531	  0.414
  0.984	 -0.004	 -1.532	  0.417
  0.954	 -0.015	 -1.535	  0.429
  0.933	 -0.025	 -1.538	  0.439
  0.921	 -0.034	 -1.545	  0.461
  0.913	 -0.041	 -1.545	  0.461
  0.907	 -0.048	 -1.557	  0.480
  0.901	 -0.057	 -1.560	  0.484
  0.889	 -0.074	 -1.560	  0.484
  0.880	 -0.088	 -1.582	  0.507
  0.879	 -0.089	 -1.582	  0.507
  0.883	 -0.082	 -1.606	  0.528
  0.891	 -0.067	 -1.605	  0.527
  0.901	 -0.047	 -1.593	  0.521
  0.906	 -0.036	 -1.588	  0.518
  0.906	 -0.035	 -1.583	  0.515
  0.905	 -0.037	 -1.577	  0.512
  0.905	 -0.038	 -1.574	  0.511
  0.905	 -0.038	 -1.571	  0.510
  0.904	 -0.040	 -1.571	  0.510
  0.902	 -0.045	 -1.571	  0.510
  0.900	 -0.052	 -1.572	  0.510
  0.899	 -0.058	 -1.573	  0.510
  0.900	 -0.056	 -1.573	  0.510
  0.901	 -0.046	 -1.576	  0.513
  0.904	 -0.024	 -1.569	  0.512
  0.905	 -0.006	 -1.558	  0.510
FORWARD START
  0.905	 -0.011	 -1.549	  0.508
  0.906	 -0.024	 -1.547	  0.508
  0.906	 -0.011	 -1.547	  0.508
  0.906	  0.023	 -1.547	  0.508
  0.906	  0.058	 -1.541	  0.508
  0.908	  0.109	 -1.524	  0.509
  0.910	  0.157	 -1.524	  0.509
  0.912	  0.200	 -1.420	  0.506
  0.914	  0.239	 -1.365	  0.503
  0.915	  0.300	 -1.321	  0.500
  0.916	  0.361	 -1.242	  0.496
  0.917	  0.407	 -1.211	  0.495
  0.917	  0.448	 -1.163	  0.494
  0.917	  0.509	 -1.163	  0.494
  0.917	  0.566	 -1.163	  0.494
  0.917	  0.611	 -1.111	  0.494
  0.916	  0.642	 -1.111	  0.494
  0.916	  0.675	 -1.095	  0.493
  0.915	  0.717	 -1.078	  0.493
  0.915	  0.749	 -1.078	  0.493
  0.914	  0.766	 -0.852	  0.491
  0.914	  0.777	 -0.795	  0.490
  0.913	  0.800	 -0.762	  0.490
  0.913	  0.838	 -0.746	  0.490
  0.913	  0.856	 -0.704	  0.491
  0.913	  0.862	 -0.676	  0.491
  0.913	  0.877	 -0.647	  0.490
  0.913	  0.910	 -0.634	  0.490
  0.913	  0.945	 -0.626	  0.489
  0.912	  0.972	 -0.605	  0.488
  0.911	  0.993	 -0.565	  0.487
FORWARD COMPLETE START TURNING
  0.911	  0.994	 -0.565	  0.487
  0.912	  0.989	 -0.565	  0.487
  0.913	  0.986	 -0.556	  0.486
  0.914	  0.978	 -0.556	  0.486
  0.923	  0.954	 -0.554	  0.486
  0.935	  0.932	 -0.548	  0.486
  0.944	  0.920	 -0.548	  0.486
  0.943	  0.921	 -0.594	  0.464
  0.940	  0.924	 -0.597	  0.462
  0.937	  0.927	 -0.598	  0.460
  0.935	  0.929	 -0.598	  0.460
  0.936	  0.929	 -0.598	  0.460
  0.938	  0.926	 -0.599	  0.460
  0.946	  0.920	 -0.599	  0.459
  0.953	  0.916	 -0.599	  0.459
  0.959	  0.912	 -0.599	  0.459
  0.960	  0.912	 -0.600	  0.459
  0.949	  0.917	 -0.600	  0.459
  0.930	  0.924	 -0.600	  0.459
  0.914	  0.927	 -0.600	  0.459
  0.906	  0.928	 -0.600	  0.459
  0.905	  0.928	 -0.600	  0.459
  0.905	  0.928	 -0.600	  0.459
  0.905	  0.928	 -0.604	  0.452
  0.901	  0.929	 -0.604	  0.452
  0.885	  0.929	 -0.591	  0.493
  0.877	  0.930	 -0.591	  0.494
  0.881	  0.930	 -0.590	  0.503
  0.894	  0.929	 -0.590	  0.503
  0.912	  0.928	 -0.590	  0.503
  0.928	  0.927	 -0.590	  0.504
  0.934	  0.927	 -0.590	  0.504
FORWARD START
  0.935	  0.927	 -0.590	  0.504
  0.944	  0.927	 -0.590	  0.503
  0.947	  0.927	 -0.590	  0.503
  0.923	  0.927	 -0.591	  0.481
  0.871	  0.926	 -0.591	  0.481
  0.831	  0.927	 -0.591	  0.481
  0.794	  0.927	 -0.591	  0.481
  0.742	  0.928	 -0.592	  0.500
  0.679	  0.929	 -0.591	  0.525
  0.612	  0.928	 -0.591	  0.547
  0.562	  0.928	 -0.585	  0.729
  0.515	  0.927	 -0.585	  0.797
  0.468	  0.926	 -0.585	  0.797
  0.419	  0.924	 -0.585	  0.797
  0.377	  0.923	 -0.584	  0.849
  0.344	  0.922	 -0.583	  0.897
  0.302	  0.921	 -0.582	  0.999
  0.263	  0.920	 -0.582	  1.064
  0.237	  0.920	 -0.582	  1.110
  0.217	  0.919	 -0.581	  1.141
  0.196	  0.918	 -0.580	  1.170
  0.163	  0.916	 -0.582	  1.206
  0.130	  0.915	 -0.582	  1.206
  0.101	  0.914	 -0.582	  1.215
  0.086	  0.913	 -0.583	  1.240
  0.077	  0.913	 -0.583	  1.249
  0.056	  0.913	 -0.582	  1.305
  0.027	  0.913	 -0.582	  1.305
 -0.008	  0.913	 -0.582	  1.305
 -0.039	  0.912	 -0.582	  1.305
FORWARD COMPLETE START TURNING
 -0.070	  0.911	 -0.581	  1.410
 -0.080	  0.910	 -0.581	  1.418
 -0.080	  0.910	 -0.577	  1.458
 -0.076	  0.911	 -0.576	  1.467
 -0.063	  0.915	 -0.576	  1.473
 -0.041	  0.925	 -0.574	  1.467
 -0.024	  0.936	 -0.569	  1.449
 -0.011	  0.946	 -0.564	  1.439
 -0.008	  0.948	 -0.564	  1.439
 -0.011	  0.945	 -0.564	  1.439
 -0.013	  0.943	 -0.558	  1.429
 -0.014	  0.942	 -0.554	  1.424
 -0.019	  0.936	 -0.558	  1.428
 -0.026	  0.927	 -0.562	  1.430
 -0.031	  0.918	 -0.564	  1.432
 -0.030	  0.919	 -0.565	  1.434
 -0.025	  0.930	 -0.565	  1.434
 -0.020	  0.944	 -0.562	  1.434
 -0.015	  0.960	 -0.557	  1.432
 -0.014	  0.967	 -0.551	  1.429
 -0.014	  0.964	 -0.543	  1.426
 -0.015	  0.959	 -0.543	  1.426
 -0.017	  0.948	 -0.542	  1.426
 -0.020	  0.929	 -0.542	  1.426
 -0.022	  0.916	 -0.542	  1.426
 -0.022	  0.916	 -0.544	  1.426
 -0.022	  0.918	 -0.544	  1.426
 -0.022	  0.919	 -0.544	  1.426
 -0.021	  0.923	 -0.544	  1.426
 -0.019	  0.932	 -0.572	  1.432
 -0.018	  0.942	 -0.572	  1.432
 -0.018	  0.943	 -0.572	  1.432
 -0.018	  0.938	 -0.572	  1.432
 -0.020	  0.922	 -0.565	  1.430
 -0.020	  0.902	 -0.565	  1.430
FORWARD START
 -0.020	  0.900	 -0.565	  1.430
 -0.021	  0.907	 -0.564	  1.430
 -0.020	  0.891	 -0.564	  1.430
 -0.019	  0.856	 -0.564	  1.430
 -0.018	  0.814	 -0.575	  1.431
 -0.018	  0.779	 -0.575	  1.431
 -0.018	  0.747	 -0.655	  1.433
 -0.017	  0.712	 -0.655	  1.433
 -0.017	  0.663	 -0.655	  1.433
 -0.016	  0.607	 -0.655	  1.433
 -0.016	  0.565	 -0.655	  1.433
 -0.015	  0.517	 -0.779	  1.439
 -0.014	  0.472	 -0.805	  1.440
 -0.011	  0.419	 -0.805	  1.440
 -0.010	  0.374	 -0.805	  1.440
 -0.008	  0.341	 -0.805	  1.440
 -0.007	  0.309	 -0.805	  1.440
 -0.007	  0.276	 -0.981	  1.447
 -0.006	  0.229	 -0.981	  1.447
 -0.006	  0.190	 -0.981	  1.447
 -0.006	  0.170	 -1.067	  1.450
 -0.006	  0.157	 -1.227	  1.458
 -0.007	  0.126	 -1.227	  1.458
 -0.007	  0.089	 -1.227	  1.458
 -0.007	  0.055	 -1.348	  1.464
 -0.006	  0.040	 -1.418	  1.468
 -0.006	  0.020	 -1.434	  1.469
 -0.005	 -0.013	 -1.471	  1.471
 -0.004	 -0.045	 -1.471	  1.471
 -0.003	 -0.085	 -1.471	  1.471
STOP

FORWARD START
  0.004	  0.018	 -1.719	  0.614
  0.005	  0.018	 -1.719	  0.614
  0.016	  0.019	 -1.719	  0.614
  0.050	  0.020	 -1.719	  0.614
  0.089	  0.020	 -1.719	  0.614
  0.123	  0.020	 -1.642	  0.614
  0.165	  0.020	 -1.612	  0.613
  0.224	  0.019	 -1.550	  0.610
  0.271	  0.018	 -1.493	  0.606
  0.320	  0.017	 -1.448	  0.603
  0.368	  0.016	 -1.448	  0.603
  0.434	  0.015	 -1.448	  0.603
  0.496	  0.015	 -1.399	  0.601
  0.559	  0.014	 -1.349	  0.598
  0.598	  0.014	 -1.194	  0.589
  0.627	  0.014	 -1.163	  0.587
  0.668	  0.015	 -1.163	  0.587
  0.709	  0.017	 -1.148	  0.586
  0.744	  0.018	 -1.090	  0.584
  0.769	  0.019	 -1.006	  0.581
  0.796	  0.019	 -0.984	  0.580
  0.821	  0.019	 -0.984	  0.580
  0.847	  0.019	 -0.934	  0.580
  0.863	  0.018	 -0.899	  0.580
  0.879	  0.018	 -0.869	  0.579
  0.894	  0.018	 -0.842	  0.577
  0.913	  0.018	 -0.835	  0.577
  0.937	  0.017	 -0.797	  0.574
  0.979	  0.016	 -0.770	  0.572
FORWARD COMPLETE START TURNING
  1.005	  0.016	 -0.756	  0.571
  1.005	  0.016	 -0.735	  0.569
  0.996	  0.015	 -0.720	  0.566
  0.982	  0.013	 -0.720	  0.566
  0.962	  0.008	 -0.720	  0.566
  0.943	  0.001	 -0.728	  0.564
  0.924	 -0.008	 -0.736	  0.563
  0.911	 -0.016	 -0.768	  0.553
  0.900	 -0.025	 -0.787	  0.542
  0.893	 -0.032	 -0.796	  0.536
  0.890	 -0.035	 -0.796	  0.536
  0.892	 -0.033	 -0.796	  0.536
  0.899	 -0.024	 -0.796	  0.536
  0.907	 -0.013	 -0.799	  0.535
  0.913	 -0.002	 -0.799	  0.535
  0.915	  0.003	 -0.799	  0.535
  0.915	  0.003	 -0.797	  0.536
  0.915	  0.002	 -0.791	  0.545
  0.915	  0.002	 -0.785	  0.552
  0.912	 -0.004	 -0.785	  0.552
  0.910	 -0.010	 -0.785	  0.552
  0.909	 -0.015	 -0.787	  0.550
  0.909	 -0.015	 -0.787	  0.547
  0.912	 -0.002	 -0.787	  0.547
  0.915	  0.019	 -0.787	  0.548
  0.917	  0.039	 -0.785	  0.554
  0.917	  0.049	 -0.785	  0.554
FORWARD START
  0.917	  0.047	 -0.785	  0.554
  0.917	  0.040	 -0.785	  0.554
  0.917	  0.046	 -0.778	  0.582
  0.918	  0.077	 -0.777	  0.589
  0.919	  0.119	 -0.777	  0.592
  0.920	  0.152	 -0.775	  0.615
  0.921	  0.182	 -0.775	  0.637
  0.922	  0.216	 -0.767	  0.722
  0.923	  0.267	 -0.763	  0.771
  0.923	  0.314	 -0.757	  0.836
  0.922	  0.361	 -0.755	  0.878
  0.922	  0.409	 -0.754	  0.921
  0.922	  0.451	 -0.753	  0.964
  0.921	  0.489	 -0.751	  1.004
  0.921	  0.521	 -0.748	  1.041
  0.921	  0.549	 -0.747	  1.078
  0.920	  0.594	 -0.747	  1.126
  0.920	  0.640	 -0.745	  1.150
  0.921	  0.683	 -0.745	  1.150
  0.921	  0.709	 -0.745	  1.150
  0.921	  0.729	 -0.743	  1.188
  0.921	  0.765	 -0.739	  1.234
  0.920	  0.805	 -0.739	  1.234
  0.919	  0.843	 -0.739	  1.234
  0.918	  0.866	 -0.737	  1.257
  0.918	  0.886	 -0.737	  1.257
  0.918	  0.919	 -0.737	  1.257
  0.919	  0.960	 -0.737	  1.257
  0.920	  0.989	 -0.731	  1.422
  0.920	  1.009	 -0.725	  1.525
  0.920	  1.037	 -0.723	  1.543
FORWARD COMPLETE START TURNING
  0.919	  1.060	 -0.720	  1.580
  0.918	  1.068	 -0.719	  1.594
  0.918	  1.067	 -0.717	  1.605
  0.920	  1.057	 -0.717	  1.609
  0.925	  1.040	 -0.714	  1.601
  0.935	  1.019	 -0.714	  1.601
  0.946	  1.003	 -0.714	  1.601
  0.957	  0.992	 -0.714	  1.601
  0.961	  0.988	 -0.697	  1.565
  0.962	  0.988	 -0.693	  1.560
  0.962	  0.988	 -0.690	  1.556
  0.962	  0.988	 -0.683	  1.550
  0.967	  0.983	 -0.679	  1.546
  0.977	  0.976	 -0.677	  1.544
  0.986	  0.971	 -0.677	  1.544
  0.985	  0.971	 -0.673	  1.541
  0.978	  0.975	 -0.673	  1.541
  0.963	  0.981	 -0.671	  1.538
  0.947	  0.986	 -0.672	  1.539
  0.938	  0.988	 -0.678	  1.542
  0.941	  0.988	 -0.678	  1.542
  0.944	  0.987	 -0.678	  1.542
  0.949	  0.986	 -0.678	  1.542
  0.955	  0.985	 -0.678	  1.542
  0.964	  0.983	 -0.678	  1.542
  0.974	  0.981	 -0.678	  1.542
  0.978	  0.981	 -0.678	  1.542
  0.978	  0.981	 -0.678	  1.542
  0.974	  0.981	 -0.678	  1.542
  0.960	  0.983	 -0.678	  1.542
  0.939	  0.984	 -0.678	  1.542
  0.925	  0.985	 -0.678	  1.542
  0.926	  0.985	 -0.678	  1.542
  0.929	  0.985	 -0.678	  1.542
  0.931	  0.985	 -0.678	  1.542
  0.933	  0.985	 -0.678	  1.542
  0.941	  0.984	 -0.678	  1.542
  0.956	  0.983	 -0.678	  1.542
  0.966	  0.983	 -0.678	  1.542
  0.964	  0.983	 -0.678	  1.542
  0.962	  0.983	 -0.678	  1.542
  0.954	  0.983	 -0.678	  1.542
  0.936	  0.983	 -0.678	  1.542
FORWARD START
  0.927	  0.983	 -0.678	  1.542
  0.935	  0.983	 -0.678	  1.542
  0.931	  0.983	 -0.678	  1.542
  0.907	  0.983	 -0.678	  1.542
  0.866	  0.983	 -0.678	  1.542
  0.831	  0.982	 -0.678	  1.542
  0.797	  0.981	 -0.678	  1.542
  0.761	  0.980	 -0.678	  1.542
  0.716	  0.978	 -0.678	  1.542
  0.656	  0.977	 -0.678	  1.542
  0.610	  0.977	 -0.678	  1.542
  0.572	  0.978	 -0.678	  1.542
  0.538	  0.978	 -0.678	  1.542
  0.481	  0.978	 -0.678	  1.542
  0.424	  0.978	 -0.678	  1.542
  0.383	  0.977	 -0.678	  1.542
  0.355	  0.977	 -0.678	  1.542
  0.319	  0.976	 -0.678	  1.542
  0.272	  0.976	 -0.678	  1.542
  0.221	  0.975	 -0.678	  1.542
  0.196	  0.974	 -0.678	  1.542
  0.171	  0.975	 -0.678	  1.542
  0.123	  0.975	 -0.678	  1.542
  0.080	  0.975	 -0.678	  1.542
  0.041	  0.975	 -0.678	  1.542
  0.014	  0.975	 -0.678	  1.542
 -0.010	  0.974	 -0.678	  1.542
 -0.051	  0.971	 -0.678	  1.542
FORWARD COMPLETE START TURNING
 -0.094	  0.969	 -0.678	  1.542
 -0.101	  0.969	 -0.678	  1.542
 -0.096	  0.969	 -0.678	  1.542
 -0.089	  0.971	 -0.678	  1.542
 -0.062	  0.981	 -0.678	  1.542
 -0.034	  0.996	 -0.678	  1.542
 -0.011	  1.011	 -0.678	  1.542
  0.003	  1.024	 -0.678	  1.542
  0.019	  1.041	 -0.678	  1.542
  0.038	  1.066	 -0.678	  1.542
  0.058	  1.094	 -0.678	  1.542
  0.069	  1.111	 -0.678	  1.542
  0.072	  1.117	 -0.678	  1.542
  0.076	  1.124	 -0.678	  1.542
  0.081	  1.136	 -0.678	  1.542
  0.086	  1.145	 -0.678	  1.542
  0.085	  1.144	 -0.678	  1.542
  0.082	  1.134	 -0.678	  1.542
  0.072	  1.107	 -0.678	  1.542
  0.066	  1.087	 -0.678	  1.542
  0.064	  1.081	 -0.678	  1.542
  0.063	  1.078	 -0.678	  1.542
  0.061	  1.066	 -0.678	  1.542
  0.056	  1.041	 -0.678	  1.542
  0.053	  1.023	 -0.678	  1.542
  0.053	  1.020	 -0.678	  1.542
  0.053	  1.020	 -0.678	  1.542
  0.054	  1.024	 -0.678	  1.542
  0.056	  1.041	 -0.678	  1.542
  0.058	  1.052	 -0.678	  1.542
  0.058	  1.051	 -0.678	  1.542
  0.057	  1.041	 -0.678	  1.542
  0.055	  1.025	 -0.678	  1.542
  0.054	  1.010	 -0.678	  1.542
  0.054	  1.008	 -0.678	  1.542
  0.054	  1.008	 -0.678	  1.542
  0.054	  1.008	 -0.678	  1.542
  0.054	  1.008	 -0.678	  1.542
  0.054	  1.009	 -0.678	  1.542
  0.055	  1.022	 -0.678	  1.542
  0.056	  1.039	 -0.678	  1.542
  0.056	  1.043	 -0.678	  1.542
  0.056	  1.043	 -0.678	  1.542
  0.056	  1.043	 -0.678	  1.542
  0.056	  1.033	 -0.678	  1.542
  0.055	  1.017	 -0.678	  1.542
  0.054	  1.009	 -0.678	  1.542
  0.055	  1.011	 -0.678	  1.542
  0.055	  1.017	 -0.678	  1.542
  0.055	  1.026	 -0.678	  1.542
  0.056	  1.036	 -0.678	  1.542
  0.056	  1.039	 -0.678	  1.542
  0.056	  1.039	 -0.678	  1.542
  0.056	  1.039	 -0.678	  1.542
  0.057	  1.045	 -0.678	  1.542
  0.058	  1.063	 -0.678	  1.542
FORWARD START
  0.058	  1.071	 -0.678	  1.542
  0.057	  1.074	 -0.678	  1.542
  0.059	  1.055	 -0.678	  1.542
  0.061	  1.016	 -0.678	  1.542
  0.064	  0.970	 -0.678	  1.542
  0.067	  0.931	 -0.678	  1.542
  0.070	  0.880	 -0.678	  1.542
  0.074	  0.817	 -0.678	  1.542
  0.076	  0.763	 -0.678	  1.542
  0.079	  0.698	 -0.678	  1.542
  0.081	  0.637	 -0.678	  1.542
  0.083	  0.577	 -0.678	  1.542
  0.085	  0.515	 -0.678	  1.542
  0.087	  0.462	 -0.678	  1.542
  0.088	  0.405	 -0.678	  1.542
  0.089	  0.358	 -0.678	  1.542
  0.090	  0.323	 -0.678	  1.542
  0.091	  0.302	 -0.678	  1.542
  0.092	  0.282	 -0.678	  1.542
  0.094	  0.259	 -0.678	  1.542
  0.095	  0.238	 -0.678	  1.542
  0.096	  0.226	 -0.678	  1.542
  0.097	  0.218	 -0.678	  1.542
  0.097	  0.208	 -0.678	  1.542
  0.098	  0.188	 -0.678	  1.542
  0.098	  0.166	 -0.678	  1.542
  0.098	  0.154	 -0.678	  1.542
  0.098	  0.151	 -0.678	  1.542
  0.098	  0.135	 -0.678	  1.542
  0.098	  0.098	 -0.678	  1.542
STOP

FORWARD START
  0.000	 -0.003	 -1.463	  0.047
  0.010	 -0.003	 -1.463	  0.047
  0.011	 -0.003	 -1.478	  0.047
  0.017	 -0.003	 -1.478	  0.047
  0.056	 -0.002	 -1.478	  0.047
  0.096	 -0.001	 -1.478	  0.047
  0.130	  0.000	 -1.478	  0.047
  0.160	  0.001	 -1.478	  0.047
  0.211	  0.002	 -1.478	  0.047
  0.262	  0.002	 -1.478	  0.047
  0.319	  0.003	 -1.478	  0.047
  0.369	  0.003	 -1.160	  0.057
  0.418	  0.003	 -1.095	  0.057
  0.476	  0.004	 -1.078	  0.057
  0.521	  0.004	 -1.030	  0.057
  0.569	  0.005	 -1.000	  0.057
  0.613	  0.007	 -0.968	  0.058
  0.658	  0.009	 -0.936	  0.058
  0.707	  0.012	 -0.875	  0.059
  0.739	  0.013	 -0.804	  0.061
  0.771	  0.013	 -0.744	  0.065
  0.797	  0.012	 -0.732	  0.066
  0.823	  0.011	 -0.732	  0.066
  0.848	  0.010	 -0.732	  0.066
  0.868	  0.009	 -0.732	  0.066
  0.888	  0.008	 -0.711	  0.065
  0.905	  0.008	 -0.672	  0.066
  0.921	  0.008	 -0.672	  0.066
  0.939	  0.008	 -0.672	  0.066
  0.964	  0.009	 -0.672	  0.066
FORWARD COMPLETE START TURNING
  1.007	  0.010	 -0.672	  0.066
  1.014	  0.010	 -0.564	  0.061
  1.011	  0.010	 -0.479	  0.062
  1.006	  0.009	 -0.479	  0.062
  0.993	  0.006	 -0.479	  0.062
  0.974	 -0.001	 -0.473	  0.062
  0.962	 -0.007	 -0.473	  0.062
  0.956	 -0.011	 -0.472	  0.062
  0.955	 -0.012	 -0.473	  0.062
  0.955	 -0.011	 -0.483	  0.057
  0.955	 -0.012	 -0.507	  0.044
  0.952	 -0.014	 -0.510	  0.042
  0.945	 -0.020	 -0.510	  0.042
  0.940	 -0.026	 -0.510	  0.042
  0.937	 -0.029	 -0.510	  0.042
  0.941	 -0.024	 -0.510	  0.042
  0.946	 -0.016	 -0.510	  0.042
  0.950	 -0.008	 -0.510	  0.042
  0.953	 -0.000	 -0.510	  0.042
  0.955	  0.007	 -0.519	  0.034
  0.956	  0.013	 -0.519	  0.034
  0.957	  0.019	 -0.519	  0.034
  0.958	  0.026	 -0.519	  0.034
  0.958	  0.033	 -0.519	  0.034
FORWARD START
  0.958	  0.034	 -0.511	  0.049
  0.958	  0.031	 -0.511	  0.049
  0.958	  0.029	 -0.511	  0.049
  0.958	  0.034	 -0.511	  0.049
  0.959	  0.057	 -0.511	  0.049
  0.960	  0.095	 -0.502	  0.080
  0.961	  0.133	 -0.502	  0.080
  0.963	  0.170	 -0.502	  0.113
  0.964	  0.218	 -0.502	  0.113
  0.966	  0.265	 -0.501	  0.126
  0.968	  0.312	 -0.501	  0.126
  0.970	  0.351	 -0.501	  0.126
  0.972	  0.394	 -0.501	  0.126
  0.974	  0.455	 -0.495	  0.311
  0.975	  0.505	 -0.495	  0.311
  0.976	  0.555	 -0.495	  0.311
  0.977	  0.601	 -0.495	  0.311
  0.977	  0.653	 -0.495	  0.311
  0.978	  0.710	 -0.495	  0.311
  0.979	  0.746	 -0.495	  0.311
  0.979	  0.781	 -0.495	  0.311
  0.980	  0.815	 -0.495	  0.311
  0.982	  0.849	 -0.484	  0.669
  0.982	  0.873	 -0.484	  0.669
  0.982	  0.891	 -0.477	  0.905
  0.982	  0.911	 -0.477	  0.931
  0.981	  0.930	 -0.477	  0.931
  0.979	  0.951	 -0.477	  0.946
  0.978	  0.968	 -0.477	  0.953
  0.977	  0.983	 -0.477	  0.967
  0.975	  1.017	 -0.481	  1.036
FORWARD COMPLETE START TURNING
  0.975	  1.032	 -0.481	  1.036
  0.975	  1.037	 -0.481	  1.036
  0.975	  1.037	 -0.483	  1.048
  0.976	  1.032	 -0.483	  1.048
  0.980	  1.008	 -0.483	  1.048
  0.986	  0.988	 -0.483	  1.048
  0.992	  0.975	 -0.483	  1.063
  0.994	  0.972	 -0.484	  1.066
  0.991	  0.975	 -0.484	  1.066
  0.991	  0.975	 -0.484	  1.066
  0.998	  0.967	 -0.484	  1.066
  1.006	  0.957	 -0.484	  1.066
  1.014	  0.950	 -0.484	  1.066
  1.022	  0.944	 -0.484	  1.066
  1.020	  0.945	 -0.484	  1.066
  1.015	  0.948	 -0.484	  1.066
  1.007	  0.952	 -0.484	  1.066
  0.995	  0.956	 -0.484	  1.066
  0.978	  0.961	 -0.449	  1.017
  0.963	  0.963	 -0.449	  1.017
  0.962	  0.963	 -0.449	  1.017
  0.967	  0.962	 -0.449	  1.017
  0.976	  0.961	 -0.449	  1.017
  0.987	  0.960	 -0.449	  1.017
  0.996	  0.959	 -0.449	  1.017
  0.996	  0.959	 -0.473	  1.025
  0.995	  0.959	 -0.473	  1.025
  0.990	  0.960	 -0.476	  1.026
  0.977	  0.961	 -0.476	  1.026
  0.960	  0.963	 -0.476	  1.026
  0.952	  0.963	 -0.476	  1.026
FORWARD START
  0.957	  0.963	 -0.476	  1.026
  0.978	  0.963	 -0.482	  1.027
  0.978	  0.963	 -0.482	  1.027
  0.953	  0.964	 -0.482	  1.027
  0.919	  0.966	 -0.482	  1.027
  0.880	  0.969	 -0.482	  1.027
  0.830	  0.971	 -0.498	  1.030
  0.781	  0.974	 -0.500	  1.030
  0.730	  0.978	 -0.500	  1.030
  0.668	  0.982	 -0.500	  1.030
  0.619	  0.985	 -0.500	  1.030
  0.571	  0.987	 -0.500	  1.030
  0.527	  0.988	 -0.500	  1.030
  0.477	  0.989	 -0.681	  1.041
  0.421	  0.990	 -0.697	  1.042
  0.382	  0.991	 -0.697	  1.042
  0.340	  0.992	 -0.697	  1.042
  0.302	  0.993	 -0.697	  1.042
  0.266	  0.994	 -0.697	  1.042
  0.226	  0.995	 -0.697	  1.042
  0.198	  0.996	 -0.697	  1.042
  0.176	  0.996	 -1.027	  1.062
  0.159	  0.996	 -1.027	  1.062
  0.135	  0.995	 -1.248	  1.070
  0.107	  0.994	 -1.248	  1.070
  0.079	  0.992	 -1.356	  1.071
  0.051	  0.992	 -1.356	  1.071
  0.036	  0.992	 -1.356	  1.071
  0.021	  0.992	 -1.372	  1.070
 -0.004	  0.993	 -1.372	  1.070
FORWARD COMPLETE START TURNING
 -0.056	  0.995	 -1.372	  1.070
 -0.070	  0.994	 -1.387	  1.070
 -0.064	  0.995	 -1.402	  1.069
 -0.053	  0.997	 -1.402	  1.069
 -0.040	  1.000	 -1.402	  1.069
 -0.022	  1.006	 -1.402	  1.069
 -0.006	  1.013	 -1.402	  1.069
  0.004	  1.018	 -1.402	  1.069
  0.010	  1.022	 -1.402	  1.069
  0.011	  1.022	 -1.402	  1.069
  0.010	  1.022	 -1.402	  1.069
  0.006	  1.019	 -1.402	  1.069
 -0.000	  1.013	 -1.402	  1.069
 -0.007	  1.005	 -1.402	  1.069
 -0.013	  0.998	 -1.402	  1.069
 -0.017	  0.991	 -1.402	  1.069
 -0.019	  0.988	 -1.402	  1.069
 -0.019	  0.988	 -1.402	  1.069
 -0.014	  0.997	 -1.402	  1.069
 -0.008	  1.014	 -1.402	  1.069
 -0.005	  1.026	 -1.402	  1.069
 -0.004	  1.029	 -1.402	  1.069
 -0.004	  1.029	 -1.402	  1.069
 -0.004	  1.029	 -1.402	  1.069
 -0.006	  1.017	 -1.402	  1.069
 -0.007	  1.001	 -1.402	  1.069
 -0.008	  0.996	 -1.402	  1.069
 -0.008	  0.998	 -1.402	  1.069
 -0.007	  1.010	 -1.402	  1.069
 -0.006	  1.027	 -1.402	  1.069
 -0.005	  1.045	 -1.402	  1.069
FORWARD START
 -0.005	  1.049	 -1.402	  1.069
 -0.005	  1.053	 -1.402	  1.069
 -0.005	  1.055	 -1.402	  1.069
 -0.005	  1.038	 -1.402	  1.069
 -0.005	  0.993	 -1.402	  1.069
 -0.005	  0.949	 -1.402	  1.069
 -0.007	  0.896	 -1.402	  1.069
 -0.009	  0.842	 -1.402	  1.069
 -0.012	  0.782	 -1.402	  1.069
 -0.014	  0.713	 -1.402	  1.069
 -0.016	  0.658	 -1.402	  1.069
 -0.018	  0.608	 -1.402	  1.069
 -0.019	  0.563	 -1.402	  1.069
 -0.020	  0.510	 -1.402	  1.069
 -0.020	  0.449	 -1.402	  1.069
 -0.021	  0.411	 -1.402	  1.069
 -0.022	  0.368	 -1.402	  1.069
 -0.023	  0.329	 -1.402	  1.069
 -0.023	  0.294	 -1.402	  1.069
 -0.024	  0.271	 -1.402	  1.069
 -0.023	  0.254	 -1.402	  1.069
 -0.023	  0.229	 -1.402	  1.069
 -0.022	  0.199	 -1.402	  1.069
 -0.022	  0.175	 -1.402	  1.069
 -0.022	  0.170	 -1.402	  1.069
 -0.022	  0.166	 -1.402	  1.069
 -0.023	  0.141	 -1.402	  1.069
 -0.024	  0.114	 -1.402	  1.069
 -0.024	  0.090	 -1.402	  1.069
 -0.024	  0.067	 -1.402	  1.069
STOP

