FORWARD START
 -0.006	  0.011	 -1.492	  0.212
 -0.006	  0.011	 -1.492	  0.212
  0.001	  0.011	 -1.508	  0.214
  0.032	  0.011	 -1.508	  0.214
  0.075	  0.011	 -1.509	  0.214
  0.109	  0.011	 -1.511	  0.214
  0.139	  0.010	 -1.511	  0.214
  0.174	  0.009	 -1.511	  0.214
  0.229	  0.008	 -1.511	  0.214
  0.278	  0.007	 -1.490	  0.214
  0.327	  0.006	 -1.490	  0.214
  0.383	  0.005	 -1.411	  0.211
  0.428	  0.005	 -1.411	  0.211
  0.473	  0.005	 -1.411	  0.211
  0.518	  0.005	 -1.411	  0.211
  0.565	  0.005	 -1.411	  0.211
  0.619	  0.005	 -1.411	  0.211
  0.660	  0.006	 -1.228	  0.199
  0.688	  0.006	 -1.228	  0.199
  0.718	  0.007	 -1.228	  0.199
  0.751	  0.008	 -1.228	  0.199
  0.787	  0.009	 -1.228	  0.199
  0.820	  0.009	 -1.228	  0.199
  0.839	  0.009	 -1.228	  0.199
  0.854	  0.009	 -1.228	  0.199
  0.874	  0.008	 -0.846	  0.175
  0.897	  0.008	 -0.708	  0.171
  0.928	  0.008	 -0.708	  0.171
  0.959	  0.009	 -0.708	  0.171
FORWARD COMPLETE START TURNING
  0.995	  0.009	 -0.614	  0.165
  1.006	  0.008	 -0.599	  0.164
  1.007	  0.008	 -0.599	  0.164
  1.001	  0.009	 -0.599	  0.164
  0.981	  0.015	 -0.592	  0.163
  0.958	  0.025	 -0.592	  0.163
  0.936	  0.037	 -0.592	  0.163
  0.924	  0.046	 -0.592	  0.163
  0.917	  0.053	 -0.592	  0.163
  0.913	  0.058	 -0.592	  0.163
  0.910	  0.062	 -0.592	  0.163
  0.907	  0.067	 -0.592	  0.163
  0.902	  0.074	 -0.556	  0.185
  0.894	  0.089	 -0.556	  0.185
  0.888	  0.100	 -0.556	  0.185
  0.889	  0.099	 -0.556	  0.185
  0.892	  0.091	 -0.556	  0.185
  0.900	  0.074	 -0.556	  0.185
  0.907	  0.056	 -0.556	  0.185
  0.912	  0.045	 -0.556	  0.185
  0.911	  0.045	 -0.556	  0.185
  0.911	  0.047	 -0.556	  0.185
  0.911	  0.048	 -0.593	  0.230
  0.909	  0.053	 -0.593	  0.230
  0.907	  0.060	 -0.593	  0.230
  0.904	  0.071	 -0.593	  0.230
  0.904	  0.073	 -0.593	  0.230
  0.905	  0.067	 -0.588	  0.211
  0.907	  0.050	 -0.589	  0.211
  0.910	  0.030	 -0.589	  0.211
  0.912	  0.018	 -0.589	  0.211
  0.911	  0.021	 -0.589	  0.211
  0.911	  0.026	 -0.589	  0.211
  0.910	  0.029	 -0.589	  0.211
  0.910	  0.029	 -0.587	  0.203
  0.910	  0.029	 -0.587	  0.203
  0.910	  0.029	 -0.587	  0.203
  0.910	  0.029	 -0.588	  0.197
  0.910	  0.029	 -0.588	  0.197
  0.911	  0.025	 -0.588	  0.197
  0.912	  0.012	 -0.588	  0.197
  0.913	  0.003	 -0.588	  0.197
  0.912	  0.007	 -0.588	  0.197
  0.911	  0.025	 -0.588	  0.197
FORWARD START
  0.911	  0.048	 -0.588	  0.197
  0.910	  0.076	 -0.588	  0.197
  0.910	  0.078	 -0.586	  0.168
  0.910	  0.060	 -0.586	  0.168
  0.910	  0.019	 -0.586	  0.168
  0.910	 -0.008	 -0.586	  0.168
  0.911	 -0.046	 -0.586	  0.168
  0.914	 -0.103	 -0.586	  0.168
  0.915	 -0.165	 -0.586	  0.168
  0.917	 -0.234	 -0.586	  0.168
  0.917	 -0.294	 -0.586	  0.168
  0.917	 -0.356	 -0.586	  0.168
  0.917	 -0.416	 -0.586	  0.168
  0.918	 -0.484	 -0.586	  0.195
  0.918	 -0.554	 -0.600	 -0.063
  0.918	 -0.609	 -0.619	 -0.339
  0.918	 -0.664	 -0.619	 -0.339
  0.919	 -0.710	 -0.619	 -0.339
  0.921	 -0.744	 -0.621	 -0.358
  0.922	 -0.766	 -0.622	 -0.376
  0.923	 -0.788	 -0.622	 -0.376
  0.924	 -0.819	 -0.622	 -0.376
  0.926	 -0.841	 -0.622	 -0.376
  0.926	 -0.852	 -0.622	 -0.376
  0.927	 -0.857	 -0.626	 -0.432
  0.927	 -0.866	 -0.628	 -0.450
  0.928	 -0.887	 -0.628	 -0.450
  0.928	 -0.909	 -0.640	 -0.726
  0.928	 -0.934	 -0.640	 -0.726
  0.928	 -0.938	 -0.640	 -0.726
  0.928	 -0.922	 -0.641	 -0.744
  0.928	 -0.900	 -0.641	 -0.744
  0.928	 -0.865	 -0.641	 -0.744
  0.928	 -0.854	 -0.641	 -0.753
  0.928	 -0.857	 -0.641	 -0.753
  0.928	 -0.865	 -0.641	 -0.753
  0.929	 -0.904	 -0.641	 -0.753
  0.930	 -0.943	 -0.641	 -0.753
FORWARD COMPLETE START TURNING
  0.929	 -0.978	 -0.641	 -0.753
  0.925	 -1.001	 -0.641	 -0.753
  0.919	 -1.024	 -0.641	 -0.753
  0.913	 -1.041	 -0.640	 -0.755
  0.910	 -1.047	 -0.641	 -0.761
  0.908	 -1.051	 -0.641	 -0.761
  0.906	 -1.055	 -0.641	 -0.761
  0.904	 -1.058	 -0.641	 -0.761
  0.907	 -1.054	 -0.641	 -0.761
  0.912	 -1.046	 -0.641	 -0.761
  0.921	 -1.036	 -0.641	 -0.761
  0.930	 -1.028	 -0.641	 -0.761
  0.937	 -1.023	 -0.641	 -0.761
  0.934	 -1.025	 -0.641	 -0.761
  0.928	 -1.029	 -0.641	 -0.761
  0.918	 -1.033	 -0.641	 -0.761
  0.908	 -1.037	 -0.641	 -0.761
  0.893	 -1.040	 -0.641	 -0.761
  0.879	 -1.042	 -0.641	 -0.761
  0.878	 -1.042	 -0.641	 -0.761
  0.891	 -1.041	 -0.655	 -0.889
  0.911	 -1.037	 -0.657	 -0.887
  0.932	 -1.032	 -0.657	 -0.887
  0.942	 -1.029	 -0.657	 -0.887
  0.942	 -1.029	 -0.659	 -0.888
  0.942	 -1.029	 -0.659	 -0.888
  0.943	 -1.029	 -0.659	 -0.888
  0.948	 -1.027	 -0.659	 -0.888
  0.953	 -1.026	 -0.659	 -0.888
  0.958	 -1.026	 -0.659	 -0.888
  0.957	 -1.026	 -0.659	 -0.888
  0.949	 -1.027	 -0.659	 -0.888
  0.926	 -1.029	 -0.628	 -0.886
  0.904	 -1.031	 -0.646	 -0.887
FORWARD START
  0.906	 -1.031	 -0.646	 -0.887
  0.915	 -1.031	 -0.649	 -0.887
  0.899	 -1.031	 -0.658	 -0.887
  0.856	 -1.032	 -0.661	 -0.887
  0.828	 -1.033	 -0.661	 -0.887
  0.801	 -1.034	 -0.661	 -0.887
  0.756	 -1.037	 -0.661	 -0.887
  0.702	 -1.039	 -0.697	 -0.886
  0.640	 -1.041	 -0.697	 -0.886
  0.591	 -1.042	 -0.697	 -0.886
  0.547	 -1.043	 -0.703	 -0.885
  0.509	 -1.044	 -0.797	 -0.879
  0.455	 -1.045	 -0.810	 -0.879
  0.402	 -1.046	 -0.865	 -0.876
  0.354	 -1.047	 -0.865	 -0.876
  0.320	 -1.049	 -1.080	 -0.861
  0.288	 -1.050	 -1.095	 -0.860
  0.251	 -1.051	 -1.095	 -0.860
  0.220	 -1.053	 -1.095	 -0.860
  0.192	 -1.054	 -1.286	 -0.846
  0.169	 -1.055	 -1.318	 -0.845
  0.139	 -1.057	 -1.318	 -0.845
  0.107	 -1.058	 -1.318	 -0.845
  0.073	 -1.060	 -1.318	 -0.845
  0.049	 -1.061	 -1.318	 -0.845
  0.034	 -1.061	 -1.318	 -0.845
  0.018	 -1.061	 -1.318	 -0.845
 -0.000	 -1.062	 -1.444	 -0.839
 -0.033	 -1.063	 -1.444	 -0.839
 -0.070	 -1.064	 -1.573	 -0.831
FORWARD COMPLETE START TURNING
 -0.111	 -1.065	 -1.573	 -0.831
 -0.124	 -1.064	 -1.573	 -0.831
 -0.126	 -1.064	 -1.573	 -0.831
 -0.125	 -1.064	 -1.588	 -0.831
 -0.114	 -1.067	 -1.604	 -0.829
 -0.092	 -1.074	 -1.604	 -0.829
 -0.068	 -1.087	 -1.612	 -0.829
 -0.053	 -1.097	 -1.692	 -0.825
 -0.048	 -1.102	 -1.688	 -0.826
 -0.047	 -1.103	 -1.688	 -0.826
 -0.047	 -1.103	 -1.688	 -0.826
 -0.042	 -1.109	 -1.688	 -0.826
 -0.030	 -1.124	 -1.688	 -0.826
 -0.022	 -1.135	 -1.688	 -0.826
 -0.023	 -1.133	 -1.644	 -0.855
 -0.029	 -1.122	 -1.644	 -0.855
 -0.035	 -1.108	 -1.642	 -0.858
 -0.042	 -1.092	 -1.640	 -0.860
 -0.045	 -1.084	 -1.640	 -0.860
 -0.045	 -1.083	 -1.640	 -0.860
 -0.045	 -1.084	 -1.640	 -0.860
 -0.043	 -1.089	 -1.640	 -0.860
 -0.039	 -1.104	 -1.625	 -0.869
 -0.037	 -1.114	 -1.625	 -0.869
 -0.037	 -1.114	 -1.625	 -0.869
 -0.038	 -1.108	 -1.625	 -0.869
 -0.041	 -1.091	 -1.629	 -0.862
 -0.045	 -1.071	 -1.629	 -0.862
 -0.046	 -1.060	 -1.629	 -0.862
 -0.046	 -1.061	 -1.629	 -0.862
 -0.046	 -1.063	 -1.628	 -0.863
 -0.046	 -1.064	 -1.628	 -0.863
 -0.046	 -1.066	 -1.628	 -0.863
 -0.045	 -1.074	 -1.628	 -0.863
 -0.045	 -1.086	 -1.628	 -0.863
 -0.044	 -1.093	 -1.628	 -0.863
 -0.044	 -1.090	 -1.628	 -0.863
 -0.046	 -1.076	 -1.628	 -0.863
 -0.047	 -1.053	 -1.628	 -0.863
 -0.048	 -1.041	 -1.628	 -0.863
 -0.048	 -1.042	 -1.628	 -0.863
FORWARD START
 -0.048	 -1.053	 -1.631	 -0.842
 -0.048	 -1.068	 -1.631	 -0.842
 -0.048	 -1.055	 -1.631	 -0.842
 -0.049	 -1.029	 -1.631	 -0.842
 -0.050	 -0.995	 -1.631	 -0.842
 -0.052	 -0.964	 -1.631	 -0.842
 -0.054	 -0.924	 -1.631	 -0.842
 -0.057	 -0.879	 -1.631	 -0.842
 -0.059	 -0.830	 -1.631	 -0.842
 -0.062	 -0.773	 -1.631	 -0.842
 -0.063	 -0.725	 -1.631	 -0.842
 -0.063	 -0.693	 -1.631	 -0.824
 -0.063	 -0.660	 -1.631	 -0.824
 -0.064	 -0.609	 -1.607	 -0.473
 -0.066	 -0.561	 -1.605	 -0.458
 -0.067	 -0.516	 -1.593	 -0.349
 -0.067	 -0.489	 -1.592	 -0.336
 -0.068	 -0.456	 -1.591	 -0.322
 -0.069	 -0.400	 -1.591	 -0.322
 -0.070	 -0.349	 -1.589	 -0.296
 -0.071	 -0.295	 -1.586	 -0.255
 -0.072	 -0.254	 -1.586	 -0.255
 -0.073	 -0.225	 -1.586	 -0.255
 -0.073	 -0.197	 -1.586	 -0.255
 -0.075	 -0.165	 -1.586	 -0.255
 -0.076	 -0.128	 -1.586	 -0.255
 -0.078	 -0.098	 -1.586	 -0.255
 -0.080	 -0.073	 -1.586	 -0.255
 -0.081	 -0.054	 -1.586	 -0.255
 -0.081	 -0.051	 -1.568	 -0.090
 -0.081	 -0.064	 -1.568	 -0.090
 -0.080	 -0.090	 -1.568	 -0.090
 -0.080	 -0.134	 -1.568	 -0.090
 -0.080	 -0.153	 -1.548	  0.132
 -0.080	 -0.159	 -1.549	  0.128
 -0.080	 -0.158	 -1.549	  0.128
 -0.080	 -0.157	 -1.552	  0.110
 -0.082	 -0.127	 -1.552	  0.107
 -0.083	 -0.088	 -1.552	  0.107
STOP

FORWARD START
  0.010	  0.012	 -1.339	  0.599
  0.010	  0.012	 -1.339	  0.599
  0.015	  0.012	 -1.339	  0.599
  0.049	  0.012	 -1.339	  0.599
  0.095	  0.013	 -1.346	  0.599
  0.125	  0.013	 -1.346	  0.599
  0.161	  0.013	 -1.346	  0.599
  0.210	  0.013	 -1.346	  0.599
  0.266	  0.012	 -1.344	  0.599
  0.324	  0.011	 -1.344	  0.599
  0.368	  0.011	 -1.344	  0.599
  0.412	  0.011	 -1.344	  0.599
  0.472	  0.011	 -1.344	  0.599
  0.516	  0.010	 -1.344	  0.599
  0.555	  0.010	 -1.344	  0.599
  0.589	  0.009	 -1.344	  0.599
  0.617	  0.009	 -1.344	  0.599
  0.650	  0.010	 -1.086	  0.591
  0.702	  0.011	 -1.086	  0.591
  0.735	  0.012	 -1.086	  0.591
  0.756	  0.011	 -1.086	  0.591
  0.774	  0.011	 -0.689	  0.575
  0.798	  0.012	 -0.689	  0.575
  0.835	  0.013	 -0.689	  0.575
  0.867	  0.015	 -0.689	  0.575
  0.884	  0.016	 -0.689	  0.575
  0.896	  0.017	 -0.689	  0.575
  0.914	  0.017	 -0.567	  0.571
  0.951	  0.016	 -0.558	  0.571
  0.993	  0.015	 -0.541	  0.570
FORWARD COMPLETE START TURNING
  1.014	  0.014	 -0.541	  0.570
  1.017	  0.013	 -0.541	  0.570
  1.016	  0.013	 -0.541	  0.570
  1.015	  0.014	 -0.541	  0.570
  1.002	  0.017	 -0.541	  0.570
  0.973	  0.030	 -0.361	  0.566
  0.953	  0.043	 -0.361	  0.566
  0.947	  0.048	 -0.361	  0.566
  0.946	  0.049	 -0.351	  0.575
  0.945	  0.050	 -0.360	  0.579
  0.941	  0.055	 -0.360	  0.579
  0.929	  0.069	 -0.384	  0.600
  0.921	  0.081	 -0.387	  0.604
  0.923	  0.078	 -0.387	  0.604
  0.928	  0.067	 -0.387	  0.604
  0.935	  0.050	 -0.389	  0.606
  0.941	  0.037	 -0.389	  0.606
  0.943	  0.031	 -0.389	  0.606
  0.943	  0.031	 -0.389	  0.606
  0.943	  0.031	 -0.389	  0.606
  0.943	  0.031	 -0.389	  0.606
  0.943	  0.031	 -0.396	  0.616
  0.943	  0.031	 -0.396	  0.616
  0.943	  0.031	 -0.396	  0.616
  0.942	  0.032	 -0.395	  0.607
  0.941	  0.039	 -0.395	  0.607
  0.939	  0.051	 -0.395	  0.607
FORWARD START
  0.939	  0.064	 -0.395	  0.607
  0.940	  0.085	 -0.395	  0.607
  0.940	  0.086	 -0.395	  0.607
  0.939	  0.053	 -0.395	  0.607
  0.939	  0.012	 -0.395	  0.607
  0.943	 -0.048	 -0.395	  0.607
  0.946	 -0.105	 -0.389	  0.589
  0.948	 -0.164	 -0.389	  0.589
  0.950	 -0.224	 -0.389	  0.589
  0.950	 -0.294	 -0.389	  0.592
  0.950	 -0.354	 -0.390	  0.596
  0.949	 -0.408	 -0.396	  0.291
  0.947	 -0.480	 -0.396	  0.291
  0.946	 -0.544	 -0.396	  0.291
  0.945	 -0.606	 -0.396	  0.291
  0.945	 -0.660	 -0.396	  0.291
  0.945	 -0.702	 -0.400	  0.213
  0.946	 -0.739	 -0.400	  0.213
  0.947	 -0.762	 -0.414	  0.035
  0.948	 -0.782	 -0.414	  0.035
  0.949	 -0.799	 -0.414	  0.035
  0.949	 -0.812	 -0.414	  0.035
  0.949	 -0.818	 -0.414	  0.035
  0.949	 -0.824	 -0.414	  0.035
  0.949	 -0.833	 -0.429	 -0.165
  0.948	 -0.846	 -0.429	 -0.165
  0.947	 -0.866	 -0.429	 -0.165
  0.946	 -0.884	 -0.429	 -0.165
  0.946	 -0.903	 -0.438	 -0.333
  0.946	 -0.917	 -0.438	 -0.337
  0.946	 -0.917	 -0.439	 -0.341
  0.946	 -0.907	 -0.439	 -0.341
  0.946	 -0.886	 -0.439	 -0.344
  0.946	 -0.844	 -0.440	 -0.349
  0.946	 -0.831	 -0.440	 -0.349
  0.946	 -0.846	 -0.440	 -0.349
  0.946	 -0.880	 -0.439	 -0.333
  0.946	 -0.919	 -0.439	 -0.339
FORWARD COMPLETE START TURNING
  0.945	 -0.965	 -0.439	 -0.339
  0.942	 -0.992	 -0.439	 -0.345
  0.939	 -1.012	 -0.442	 -0.378
  0.934	 -1.029	 -0.448	 -0.447
  0.929	 -1.046	 -0.450	 -0.454
  0.921	 -1.064	 -0.451	 -0.461
  0.916	 -1.074	 -0.451	 -0.461
  0.911	 -1.081	 -0.451	 -0.461
  0.911	 -1.081	 -0.456	 -0.480
  0.913	 -1.079	 -0.458	 -0.486
  0.920	 -1.071	 -0.458	 -0.486
  0.930	 -1.062	 -0.458	 -0.486
  0.941	 -1.054	 -0.462	 -0.496
  0.949	 -1.050	 -0.462	 -0.496
  0.948	 -1.050	 -0.462	 -0.496
  0.940	 -1.054	 -0.453	 -0.512
  0.931	 -1.057	 -0.454	 -0.512
  0.926	 -1.059	 -0.454	 -0.512
  0.928	 -1.058	 -0.454	 -0.512
  0.941	 -1.054	 -0.454	 -0.512
  0.963	 -1.049	 -0.456	 -0.512
  0.972	 -1.047	 -0.456	 -0.512
  0.970	 -1.048	 -0.456	 -0.513
  0.970	 -1.048	 -0.456	 -0.513
  0.970	 -1.048	 -0.440	 -0.510
  0.963	 -1.049	 -0.440	 -0.510
  0.953	 -1.050	 -0.426	 -0.507
  0.944	 -1.051	 -0.426	 -0.507
  0.945	 -1.051	 -0.426	 -0.507
  0.952	 -1.050	 -0.427	 -0.508
  0.974	 -1.049	 -0.429	 -0.508
  0.996	 -1.049	 -0.429	 -0.508
  1.004	 -1.049	 -0.429	 -0.508
  1.001	 -1.049	 -0.429	 -0.508
  0.995	 -1.049	 -0.429	 -0.508
  0.979	 -1.049	 -0.429	 -0.508
  0.962	 -1.049	 -0.429	 -0.508
FORWARD START
  0.970	 -1.049	 -0.429	 -0.508
  0.975	 -1.049	 -0.429	 -0.508
  0.954	 -1.049	 -0.429	 -0.508
  0.917	 -1.050	 -0.429	 -0.508
  0.884	 -1.050	 -0.429	 -0.508
  0.838	 -1.052	 -0.429	 -0.508
  0.793	 -1.053	 -0.429	 -0.508
  0.748	 -1.054	 -0.429	 -0.508
  0.702	 -1.054	 -0.429	 -0.508
  0.635	 -1.054	 -0.429	 -0.508
  0.577	 -1.053	 -0.429	 -0.508
  0.536	 -1.052	 -0.429	 -0.508
  0.502	 -1.051	 -0.429	 -0.508
  0.453	 -1.050	 -0.429	 -0.508
  0.389	 -1.049	 -0.726	 -0.491
  0.350	 -1.048	 -0.789	 -0.486
  0.314	 -1.048	 -0.789	 -0.486
  0.279	 -1.047	 -0.789	 -0.486
  0.229	 -1.047	 -0.789	 -0.486
  0.184	 -1.047	 -0.789	 -0.486
  0.156	 -1.048	 -1.015	 -0.463
  0.141	 -1.048	 -1.029	 -0.462
  0.118	 -1.048	 -1.029	 -0.462
  0.076	 -1.047	 -1.042	 -0.461
  0.047	 -1.047	 -1.042	 -0.461
  0.033	 -1.047	 -1.042	 -0.461
  0.020	 -1.047	 -1.042	 -0.461
 -0.018	 -1.046	 -1.314	 -0.436
FORWARD COMPLETE START TURNING
 -0.056	 -1.045	 -1.331	 -0.434
 -0.065	 -1.043	 -1.331	 -0.434
 -0.066	 -1.043	 -1.331	 -0.434
 -0.064	 -1.044	 -1.331	 -0.434
 -0.042	 -1.051	 -1.331	 -0.434
 -0.017	 -1.062	 -1.436	 -0.425
  0.003	 -1.075	 -1.422	 -0.434
  0.015	 -1.085	 -1.414	 -0.440
  0.023	 -1.093	 -1.405	 -0.446
  0.031	 -1.105	 -1.401	 -0.450
  0.042	 -1.124	 -1.401	 -0.450
  0.056	 -1.148	 -1.401	 -0.450
  0.063	 -1.163	 -1.396	 -0.453
  0.064	 -1.164	 -1.385	 -0.465
  0.064	 -1.164	 -1.381	 -0.470
  0.064	 -1.164	 -1.378	 -0.474
  0.064	 -1.164	 -1.378	 -0.474
  0.060	 -1.157	 -1.378	 -0.474
  0.053	 -1.139	 -1.378	 -0.474
  0.048	 -1.124	 -1.378	 -0.474
  0.047	 -1.120	 -1.378	 -0.474
  0.047	 -1.122	 -1.378	 -0.474
  0.050	 -1.132	 -1.378	 -0.474
  0.053	 -1.144	 -1.378	 -0.474
  0.053	 -1.147	 -1.378	 -0.474
  0.053	 -1.146	 -1.378	 -0.474
  0.051	 -1.138	 -1.378	 -0.474
  0.048	 -1.120	 -1.378	 -0.474
  0.045	 -1.100	 -1.378	 -0.474
  0.044	 -1.089	 -1.356	 -0.509
  0.044	 -1.090	 -1.356	 -0.509
  0.044	 -1.089	 -1.356	 -0.509
  0.044	 -1.089	 -1.356	 -0.509
  0.044	 -1.081	 -1.356	 -0.509
  0.044	 -1.069	 -1.356	 -0.509
  0.043	 -1.055	 -1.356	 -0.509
  0.043	 -1.056	 -1.356	 -0.509
  0.043	 -1.064	 -1.356	 -0.509
  0.044	 -1.080	 -1.356	 -0.509
  0.045	 -1.094	 -1.357	 -0.448
  0.045	 -1.095	 -1.357	 -0.448
  0.045	 -1.095	 -1.357	 -0.448
  0.045	 -1.095	 -1.357	 -0.448
  0.045	 -1.095	 -1.356	 -0.449
  0.045	 -1.092	 -1.356	 -0.449
FORWARD START
  0.045	 -1.077	 -1.356	 -0.449
  0.045	 -1.073	 -1.357	 -0.464
  0.045	 -1.073	 -1.357	 -0.464
  0.045	 -1.054	 -1.355	 -0.448
  0.046	 -1.008	 -1.355	 -0.448
  0.046	 -0.974	 -1.355	 -0.448
  0.046	 -0.954	 -1.355	 -0.443
  0.046	 -0.916	 -1.354	 -0.439
  0.045	 -0.860	 -1.353	 -0.428
  0.045	 -0.806	 -1.353	 -0.428
  0.045	 -0.764	 -1.352	 -0.414
  0.046	 -0.718	 -1.352	 -0.414
  0.048	 -0.661	 -1.352	 -0.414
  0.050	 -0.598	 -1.328	 -0.137
  0.050	 -0.552	 -1.328	 -0.137
  0.051	 -0.508	 -1.328	 -0.137
  0.051	 -0.443	 -1.328	 -0.137
  0.051	 -0.382	 -1.328	 -0.137
  0.051	 -0.327	 -1.328	 -0.137
  0.050	 -0.289	 -1.328	 -0.137
  0.050	 -0.255	 -1.328	 -0.137
  0.051	 -0.217	 -1.328	 -0.137
  0.052	 -0.188	 -1.328	 -0.137
  0.052	 -0.173	 -1.308	  0.007
  0.052	 -0.159	 -1.308	  0.007
  0.051	 -0.143	 -1.261	  0.450
  0.051	 -0.112	 -1.260	  0.457
  0.050	 -0.089	 -1.260	  0.457
  0.050	 -0.089	 -1.260	  0.457
  0.050	 -0.096	 -1.259	  0.469
  0.050	 -0.122	 -1.259	  0.469
  0.049	 -0.155	 -1.259	  0.469
  0.047	 -0.196	 -1.258	  0.481
  0.047	 -0.203	 -1.258	  0.487
  0.047	 -0.203	 -1.258	  0.487
  0.047	 -0.198	 -1.258	  0.487
  0.048	 -0.164	 -1.258	  0.487
  0.049	 -0.133	 -1.258	  0.487
  0.049	 -0.101	 -1.258	  0.487
STOP

FORWARD START
  0.016	 -0.013	 -1.432	 -0.775
  0.006	 -0.013	 -1.432	 -0.775
  0.023	 -0.013	 -1.432	 -0.775
  0.052	 -0.014	 -1.432	 -0.775
  0.086	 -0.014	 -1.432	 -0.775
  0.120	 -0.015	 -1.432	 -0.775
  0.163	 -0.016	 -1.432	 -0.775
  0.222	 -0.017	 -1.432	 -0.775
  0.269	 -0.019	 -1.432	 -0.775
  0.306	 -0.020	 -1.432	 -0.775
  0.346	 -0.021	 -1.432	 -0.775
  0.395	 -0.022	 -1.432	 -0.775
  0.452	 -0.022	 -1.432	 -0.775
  0.502	 -0.022	 -1.432	 -0.775
  0.543	 -0.022	 -1.432	 -0.775
  0.574	 -0.022	 -1.432	 -0.775
  0.615	 -0.022	 -1.432	 -0.775
  0.661	 -0.022	 -1.432	 -0.775
  0.698	 -0.022	 -1.432	 -0.775
  0.729	 -0.023	 -1.432	 -0.775
  0.753	 -0.023	 -1.432	 -0.775
  0.777	 -0.023	 -1.432	 -0.775
  0.813	 -0.024	 -1.432	 -0.775
  0.847	 -0.023	 -1.432	 -0.775
  0.866	 -0.023	 -1.432	 -0.775
  0.881	 -0.023	 -1.432	 -0.775
  0.906	 -0.023	 -1.432	 -0.775
  0.948	 -0.023	 -1.432	 -0.775
  0.974	 -0.024	 -1.432	 -0.775
  0.993	 -0.025	 -1.432	 -0.775
  1.025	 -0.025	 -1.432	 -0.775
FORWARD COMPLETE START TURNING
  1.032	 -0.026	 -1.432	 -0.775
  1.028	 -0.025	 -1.432	 -0.775
  1.024	 -0.024	 -1.432	 -0.775
  1.019	 -0.023	 -1.432	 -0.775
  1.011	 -0.021	 -1.432	 -0.775
  0.995	 -0.014	 -1.432	 -0.775
  0.971	  0.002	 -1.432	 -0.775
  0.953	  0.019	 -1.432	 -0.775
  0.950	  0.023	 -1.432	 -0.775
  0.952	  0.021	 -1.432	 -0.775
  0.951	  0.021	 -1.432	 -0.775
  0.951	  0.021	 -1.432	 -0.775
  0.951	  0.021	 -1.432	 -0.775
  0.951	  0.021	 -1.432	 -0.775
  0.951	  0.021	 -1.432	 -0.775
  0.952	  0.021	 -1.432	 -0.775
  0.954	  0.018	 -1.432	 -0.775
  0.959	  0.009	 -1.432	 -0.775
  0.964	 -0.002	 -1.432	 -0.775
  0.967	 -0.014	 -1.432	 -0.775
  0.968	 -0.021	 -1.432	 -0.775
  0.968	 -0.021	 -1.432	 -0.775
  0.968	 -0.020	 -1.432	 -0.775
  0.967	 -0.012	 -1.432	 -0.775
  0.965	 -0.001	 -1.432	 -0.775
  0.965	  0.007	 -1.432	 -0.775
  0.965	  0.005	 -1.432	 -0.775
  0.966	 -0.004	 -1.432	 -0.775
  0.967	 -0.020	 -1.432	 -0.775
  0.968	 -0.031	 -1.432	 -0.775
  0.968	 -0.032	 -1.432	 -0.775
  0.968	 -0.030	 -1.432	 -0.775
  0.967	 -0.025	 -1.432	 -0.775
  0.966	 -0.014	 -1.432	 -0.775
  0.965	 -0.000	 -1.432	 -0.775
  0.964	  0.003	 -1.432	 -0.775
  0.965	 -0.000	 -1.432	 -0.775
  0.965	 -0.007	 -1.432	 -0.775
  0.966	 -0.016	 -1.432	 -0.775
  0.966	 -0.025	 -1.432	 -0.775
FORWARD START
  0.966	 -0.025	 -1.432	 -0.775
  0.966	 -0.015	 -1.432	 -0.775
  0.966	 -0.016	 -1.432	 -0.775
  0.967	 -0.035	 -1.432	 -0.775
  0.968	 -0.076	 -1.432	 -0.775
  0.970	 -0.115	 -1.432	 -0.775
  0.971	 -0.145	 -1.432	 -0.775
  0.972	 -0.173	 -1.432	 -0.775
  0.974	 -0.210	 -1.432	 -0.775
  0.976	 -0.264	 -1.432	 -0.775
  0.978	 -0.316	 -1.432	 -0.775
  0.980	 -0.362	 -1.432	 -0.775
  0.981	 -0.395	 -1.432	 -0.775
  0.982	 -0.433	 -1.432	 -0.775
  0.984	 -0.489	 -1.432	 -0.775
  0.986	 -0.538	 -1.432	 -0.775
  0.988	 -0.583	 -1.432	 -0.775
  0.990	 -0.627	 -1.432	 -0.775
  0.992	 -0.671	 -1.432	 -0.775
  0.993	 -0.716	 -1.432	 -0.775
  0.995	 -0.760	 -1.432	 -0.775
  0.997	 -0.794	 -1.432	 -0.775
  0.998	 -0.829	 -1.432	 -0.775
  1.000	 -0.857	 -1.432	 -0.775
  1.001	 -0.879	 -1.432	 -0.775
  1.002	 -0.896	 -1.432	 -0.775
  1.003	 -0.911	 -1.432	 -0.775
  1.004	 -0.935	 -1.432	 -0.775
  1.005	 -0.964	 -1.432	 -0.775
  1.007	 -0.998	 -1.432	 -0.775
FORWARD COMPLETE START TURNING
  1.008	 -1.027	 -1.432	 -0.775
  1.008	 -1.027	 -1.432	 -0.775
  1.008	 -1.024	 -1.432	 -0.775
  1.008	 -1.020	 -1.432	 -0.775
  1.010	 -1.013	 -1.432	 -0.775
  1.015	 -0.993	 -1.432	 -0.775
  1.025	 -0.970	 -1.432	 -0.775
  1.034	 -0.956	 -1.432	 -0.775
  1.038	 -0.951	 -1.432	 -0.775
  1.038	 -0.951	 -1.432	 -0.775
  1.039	 -0.950	 -1.432	 -0.775
  1.045	 -0.944	 -1.432	 -0.775
  1.054	 -0.936	 -1.432	 -0.775
  1.062	 -0.930	 -1.432	 -0.775
  1.063	 -0.930	 -1.432	 -0.775
  1.055	 -0.935	 -1.432	 -0.775
  1.039	 -0.943	 -1.432	 -0.775
  1.021	 -0.950	 -1.432	 -0.775
  1.012	 -0.953	 -1.432	 -0.775
  1.011	 -0.954	 -1.432	 -0.775
  1.011	 -0.954	 -1.432	 -0.775
  1.011	 -0.954	 -1.432	 -0.775
  1.007	 -0.955	 -1.432	 -0.775
  0.995	 -0.958	 -1.432	 -0.775
  0.993	 -0.959	 -1.432	 -0.775
  1.001	 -0.957	 -1.432	 -0.775
  1.022	 -0.953	 -1.432	 -0.775
  1.039	 -0.951	 -1.432	 -0.775
  1.038	 -0.951	 -1.432	 -0.775
  1.034	 -0.951	 -1.432	 -0.775
  1.030	 -0.951	 -1.432	 -0.775
  1.025	 -0.952	 -1.432	 -0.775
  1.018	 -0.953	 -1.432	 -0.775
  1.009	 -0.954	 -1.432	 -0.775
  1.005	 -0.954	 -1.432	 -0.775
  1.009	 -0.954	 -1.432	 -0.775
  1.012	 -0.953	 -1.432	 -0.775
  1.016	 -0.953	 -1.432	 -0.775
  1.020	 -0.952	 -1.432	 -0.775
  1.025	 -0.952	 -1.432	 -0.775
  1.029	 -0.951	 -1.432	 -0.775
  1.029	 -0.951	 -1.432	 -0.775
  1.029	 -0.951	 -1.432	 -0.775
  1.023	 -0.952	 -1.432	 -0.775
  1.006	 -0.954	 -1.432	 -0.775
FORWARD START
  0.993	 -0.954	 -1.432	 -0.775
  1.007	 -0.954	 -1.432	 -0.775
  1.002	 -0.954	 -1.432	 -0.775
  0.975	 -0.954	 -1.432	 -0.775
  0.943	 -0.955	 -1.432	 -0.775
  0.904	 -0.955	 -1.432	 -0.775
  0.869	 -0.956	 -1.432	 -0.775
  0.834	 -0.956	 -1.432	 -0.775
  0.789	 -0.955	 -1.432	 -0.775
  0.746	 -0.956	 -1.432	 -0.775
  0.699	 -0.956	 -1.432	 -0.775
  0.656	 -0.957	 -1.432	 -0.775
  0.614	 -0.957	 -1.432	 -0.775
  0.562	 -0.957	 -1.432	 -0.775
  0.521	 -0.958	 -1.432	 -0.775
  0.480	 -0.958	 -1.432	 -0.775
  0.445	 -0.960	 -1.432	 -0.775
  0.414	 -0.961	 -1.432	 -0.775
  0.374	 -0.964	 -1.432	 -0.775
  0.340	 -0.965	 -1.432	 -0.775
  0.309	 -0.966	 -1.432	 -0.775
  0.283	 -0.966	 -1.432	 -0.775
  0.258	 -0.966	 -1.432	 -0.775
  0.222	 -0.967	 -1.432	 -0.775
  0.185	 -0.968	 -1.432	 -0.775
  0.152	 -0.969	 -1.432	 -0.775
  0.129	 -0.970	 -1.432	 -0.775
  0.101	 -0.971	 -1.432	 -0.775
  0.063	 -0.973	 -1.432	 -0.775
  0.019	 -0.974	 -1.432	 -0.775
FORWARD COMPLETE START TURNING
 -0.028	 -0.975	 -1.432	 -0.775
 -0.047	 -0.974	 -1.432	 -0.775
 -0.055	 -0.972	 -1.432	 -0.775
 -0.053	 -0.972	 -1.432	 -0.775
 -0.047	 -0.974	 -1.432	 -0.775
 -0.033	 -0.980	 -1.432	 -0.775
 -0.013	 -0.990	 -1.432	 -0.775
  0.007	 -1.003	 -1.432	 -0.775
  0.019	 -1.014	 -1.432	 -0.775
  0.023	 -1.019	 -1.432	 -0.775
  0.026	 -1.023	 -1.432	 -0.775
  0.032	 -1.030	 -1.432	 -0.775
  0.043	 -1.044	 -1.432	 -0.775
  0.053	 -1.059	 -1.432	 -0.775
  0.058	 -1.066	 -1.432	 -0.775
  0.057	 -1.066	 -1.432	 -0.775
  0.056	 -1.064	 -1.432	 -0.775
  0.051	 -1.055	 -1.432	 -0.775
  0.045	 -1.042	 -1.432	 -0.775
  0.042	 -1.032	 -1.432	 -0.775
  0.043	 -1.035	 -1.432	 -0.775
  0.044	 -1.041	 -1.432	 -0.775
  0.046	 -1.046	 -1.432	 -0.775
  0.046	 -1.048	 -1.432	 -0.775
  0.046	 -1.049	 -1.432	 -0.775
  0.046	 -1.049	 -1.432	 -0.775
  0.046	 -1.048	 -1.432	 -0.775
  0.044	 -1.039	 -1.432	 -0.775
  0.041	 -1.021	 -1.432	 -0.775
  0.039	 -1.012	 -1.432	 -0.775
  0.039	 -1.014	 -1.432	 -0.775
  0.040	 -1.019	 -1.432	 -0.775
  0.041	 -1.027	 -1.432	 -0.775
  0.041	 -1.032	 -1.432	 -0.775
  0.041	 -1.033	 -1.432	 -0.775
  0.041	 -1.033	 -1.432	 -0.775
  0.041	 -1.028	 -1.432	 -0.775
  0.039	 -1.007	 -1.432	 -0.775
  0.039	 -1.000	 -1.432	 -0.775
FORWARD START
  0.039	 -1.015	 -1.432	 -0.775
  0.040	 -1.024	 -1.432	 -0.775
  0.039	 -1.013	 -1.432	 -0.775
  0.039	 -0.992	 -1.432	 -0.775
  0.038	 -0.965	 -1.432	 -0.775
  0.037	 -0.925	 -1.432	 -0.775
  0.035	 -0.885	 -1.432	 -0.775
  0.032	 -0.840	 -1.432	 -0.775
  0.029	 -0.799	 -1.432	 -0.775
  0.025	 -0.753	 -1.432	 -0.775
  0.021	 -0.693	 -1.432	 -0.775
  0.019	 -0.648	 -1.432	 -0.775
  0.018	 -0.605	 -1.432	 -0.775
  0.017	 -0.570	 -1.432	 -0.775
  0.015	 -0.528	 -1.432	 -0.775
  0.013	 -0.472	 -1.432	 -0.775
  0.012	 -0.431	 -1.432	 -0.775
  0.010	 -0.401	 -1.432	 -0.775
  0.009	 -0.376	 -1.432	 -0.775
  0.008	 -0.345	 -1.432	 -0.775
  0.005	 -0.300	 -1.432	 -0.775
  0.002	 -0.261	 -1.432	 -0.775
  0.001	 -0.239	 -1.432	 -0.775
  0.001	 -0.220	 -1.432	 -0.775
  0.000	 -0.189	 -1.432	 -0.775
  0.000	 -0.147	 -1.432	 -0.775
 -0.000	 -0.121	 -1.432	 -0.775
 -0.001	 -0.107	 -1.432	 -0.775
 -0.002	 -0.088	 -1.432	 -0.775
 -0.005	 -0.048	 -1.432	 -0.775
STOP

FORWARD START
 -0.003	  0.021	 -1.226	  1.253
 -0.008	  0.021	 -1.226	  1.253
 -0.003	  0.021	 -1.226	  1.253
  0.025	  0.022	 -1.226	  1.253
  0.061	  0.021	 -1.226	  1.253
  0.101	  0.020	 -1.226	  1.253
  0.139	  0.018	 -1.226	  1.253
  0.185	  0.015	 -1.226	  1.253
  0.245	  0.011	 -1.226	  1.253
  0.294	  0.009	 -1.226	  1.253
  0.333	  0.009	 -1.226	  1.253
  0.378	  0.010	 -1.226	  1.253
  0.426	  0.011	 -1.028	  1.224
  0.478	  0.012	 -1.013	  1.222
  0.520	  0.012	 -1.013	  1.222
  0.560	  0.011	 -1.013	  1.222
  0.599	  0.011	 -1.013	  1.222
  0.635	  0.010	 -0.761	  1.195
  0.680	  0.009	 -0.747	  1.194
  0.717	  0.008	 -0.601	  1.178
  0.745	  0.008	 -0.576	  1.175
  0.769	  0.008	 -0.542	  1.170
  0.794	  0.009	 -0.542	  1.170
  0.824	  0.010	 -0.542	  1.170
  0.852	  0.011	 -0.542	  1.170
  0.879	  0.011	 -0.479	  1.162
  0.896	  0.011	 -0.452	  1.159
  0.916	  0.010	 -0.442	  1.159
  0.952	  0.008	 -0.340	  1.152
  0.992	  0.006	 -0.332	  1.151
FORWARD COMPLETE START TURNING
  1.009	  0.006	 -0.332	  1.151
  1.011	  0.005	 -0.332	  1.151
  1.010	  0.005	 -0.332	  1.151
  1.008	  0.006	 -0.332	  1.151
  0.997	  0.009	 -0.332	  1.151
  0.977	  0.018	 -0.228	  1.137
  0.958	  0.032	 -0.228	  1.137
  0.942	  0.049	 -0.240	  1.145
  0.936	  0.057	 -0.240	  1.145
  0.936	  0.058	 -0.243	  1.148
  0.935	  0.059	 -0.243	  1.148
  0.928	  0.071	 -0.243	  1.148
  0.919	  0.085	 -0.243	  1.148
  0.918	  0.087	 -0.280	  1.194
  0.920	  0.083	 -0.288	  1.211
  0.927	  0.070	 -0.288	  1.210
  0.934	  0.055	 -0.285	  1.202
  0.937	  0.047	 -0.285	  1.202
  0.937	  0.047	 -0.284	  1.198
  0.936	  0.048	 -0.284	  1.198
  0.936	  0.048	 -0.284	  1.198
  0.936	  0.049	 -0.284	  1.198
  0.936	  0.048	 -0.281	  1.189
  0.937	  0.045	 -0.280	  1.187
  0.940	  0.037	 -0.280	  1.187
  0.942	  0.027	 -0.280	  1.187
  0.943	  0.025	 -0.280	  1.187
  0.943	  0.027	 -0.278	  1.179
  0.942	  0.029	 -0.278	  1.178
  0.942	  0.032	 -0.278	  1.178
  0.941	  0.044	 -0.278	  1.178
  0.940	  0.057	 -0.278	  1.178
FORWARD START
  0.940	  0.066	 -0.278	  1.178
  0.940	  0.069	 -0.278	  1.178
  0.940	  0.052	 -0.276	  1.166
  0.942	  0.009	 -0.276	  1.166
  0.944	 -0.026	 -0.276	  1.166
  0.946	 -0.057	 -0.276	  1.174
  0.949	 -0.113	 -0.276	  1.170
  0.952	 -0.167	 -0.276	  1.170
  0.953	 -0.214	 -0.276	  1.170
  0.954	 -0.261	 -0.276	  1.170
  0.955	 -0.323	 -0.276	  1.170
  0.957	 -0.393	 -0.276	  1.158
  0.958	 -0.441	 -0.277	  1.144
  0.960	 -0.494	 -0.277	  1.144
  0.963	 -0.541	 -0.277	  1.144
  0.967	 -0.594	 -0.277	  1.144
  0.971	 -0.633	 -0.277	  1.144
  0.972	 -0.654	 -0.277	  1.144
  0.973	 -0.672	 -0.314	  0.711
  0.974	 -0.698	 -0.316	  0.694
  0.974	 -0.735	 -0.316	  0.694
  0.974	 -0.762	 -0.317	  0.678
  0.974	 -0.770	 -0.317	  0.678
  0.974	 -0.779	 -0.317	  0.678
  0.975	 -0.800	 -0.317	  0.678
  0.977	 -0.833	 -0.317	  0.678
  0.978	 -0.855	 -0.317	  0.678
  0.978	 -0.861	 -0.332	  0.470
  0.978	 -0.868	 -0.332	  0.470
  0.980	 -0.891	 -0.332	  0.470
FORWARD COMPLETE START TURNING
  0.982	 -0.944	 -0.332	  0.470
  0.982	 -0.957	 -0.332	  0.470
  0.981	 -0.961	 -0.332	  0.470
  0.980	 -0.970	 -0.332	  0.470
  0.978	 -0.982	 -0.332	  0.470
  0.977	 -0.986	 -0.332	  0.470
  0.980	 -0.977	 -0.332	  0.470
  0.986	 -0.965	 -0.362	  0.183
  0.993	 -0.952	 -0.363	  0.174
  1.001	 -0.942	 -0.364	  0.170
  1.002	 -0.941	 -0.364	  0.159
  0.999	 -0.944	 -0.364	  0.159
  0.997	 -0.945	 -0.364	  0.159
  1.004	 -0.940	 -0.353	  0.176
  1.011	 -0.934	 -0.340	  0.188
  1.017	 -0.930	 -0.338	  0.189
  1.015	 -0.932	 -0.338	  0.189
  1.006	 -0.936	 -0.338	  0.189
  0.992	 -0.942	 -0.336	  0.190
  0.982	 -0.946	 -0.335	  0.191
  0.977	 -0.947	 -0.335	  0.191
  0.978	 -0.947	 -0.335	  0.191
  0.981	 -0.946	 -0.346	  0.188
  0.988	 -0.944	 -0.354	  0.186
  0.996	 -0.942	 -0.357	  0.186
  0.995	 -0.942	 -0.355	  0.186
  0.992	 -0.943	 -0.353	  0.186
  0.983	 -0.945	 -0.353	  0.186
  0.970	 -0.947	 -0.353	  0.186
  0.956	 -0.949	 -0.353	  0.186
  0.956	 -0.949	 -0.353	  0.186
FORWARD START
  0.971	 -0.948	 -0.353	  0.186
  0.980	 -0.948	 -0.362	  0.185
  0.971	 -0.948	 -0.362	  0.185
  0.946	 -0.949	 -0.364	  0.185
  0.921	 -0.950	 -0.364	  0.185
  0.891	 -0.950	 -0.377	  0.185
  0.839	 -0.951	 -0.377	  0.185
  0.790	 -0.951	 -0.377	  0.185
  0.751	 -0.952	 -0.519	  0.198
  0.715	 -0.954	 -0.519	  0.198
  0.655	 -0.956	 -0.519	  0.198
  0.597	 -0.958	 -0.519	  0.198
  0.541	 -0.958	 -0.519	  0.198
  0.490	 -0.958	 -0.587	  0.206
  0.444	 -0.960	 -0.587	  0.206
  0.393	 -0.961	 -0.587	  0.206
  0.350	 -0.964	 -0.587	  0.206
  0.310	 -0.966	 -0.587	  0.206
  0.281	 -0.968	 -0.587	  0.206
  0.258	 -0.969	 -0.587	  0.206
  0.219	 -0.971	 -0.587	  0.206
  0.180	 -0.973	 -0.861	  0.233
  0.150	 -0.974	 -0.861	  0.233
  0.135	 -0.975	 -0.861	  0.233
  0.118	 -0.975	 -0.876	  0.235
  0.090	 -0.975	 -0.891	  0.237
  0.053	 -0.976	 -1.241	  0.266
  0.028	 -0.977	 -1.257	  0.268
  0.016	 -0.978	 -1.272	  0.269
  0.001	 -0.978	 -1.280	  0.271
FORWARD COMPLETE START TURNING
 -0.044	 -0.981	 -1.310	  0.274
 -0.048	 -0.981	 -1.310	  0.274
 -0.054	 -0.981	 -1.310	  0.274
 -0.071	 -0.978	 -1.310	  0.274
 -0.081	 -0.976	 -1.310	  0.274
 -0.075	 -0.978	 -1.310	  0.274
 -0.059	 -0.985	 -1.360	  0.278
 -0.042	 -0.996	 -1.360	  0.278
 -0.027	 -1.007	 -1.360	  0.278
 -0.020	 -1.015	 -1.360	  0.278
 -0.017	 -1.018	 -1.360	  0.278
 -0.014	 -1.023	 -1.360	  0.278
 -0.008	 -1.030	 -1.401	  0.275
 -0.001	 -1.041	 -1.401	  0.275
  0.004	 -1.050	 -1.401	  0.275
  0.004	 -1.050	 -1.401	  0.275
  0.002	 -1.046	 -1.371	  0.243
 -0.002	 -1.038	 -1.371	  0.243
 -0.007	 -1.027	 -1.371	  0.243
 -0.009	 -1.022	 -1.371	  0.243
 -0.009	 -1.022	 -1.371	  0.243
 -0.009	 -1.022	 -1.371	  0.243
 -0.008	 -1.026	 -1.371	  0.243
 -0.004	 -1.036	 -1.355	  0.215
 -0.002	 -1.047	 -1.355	  0.215
 -0.001	 -1.048	 -1.355	  0.215
 -0.003	 -1.040	 -1.356	  0.217
 -0.005	 -1.025	 -1.359	  0.221
 -0.008	 -1.009	 -1.359	  0.221
 -0.008	 -1.004	 -1.359	  0.221
 -0.008	 -1.004	 -1.359	  0.221
 -0.008	 -1.004	 -1.359	  0.221
 -0.008	 -1.004	 -1.360	  0.245
 -0.008	 -1.005	 -1.360	  0.245
 -0.007	 -1.018	 -1.360	  0.245
 -0.006	 -1.035	 -1.360	  0.245
 -0.005	 -1.041	 -1.360	  0.245
 -0.005	 -1.038	 -1.360	  0.245
 -0.006	 -1.025	 -1.360	  0.245
 -0.007	 -1.010	 -1.360	  0.245
 -0.008	 -1.006	 -1.360	  0.245
 -0.008	 -1.007	 -1.360	  0.245
 -0.007	 -1.009	 -1.360	  0.245
FORWARD START
 -0.007	 -1.031	 -1.360	  0.245
 -0.006	 -1.041	 -1.360	  0.245
 -0.007	 -1.027	 -1.360	  0.231
 -0.008	 -1.002	 -1.359	  0.242
 -0.010	 -0.960	 -1.359	  0.242
 -0.013	 -0.919	 -1.359	  0.242
 -0.016	 -0.879	 -1.359	  0.242
 -0.020	 -0.843	 -1.359	  0.242
 -0.024	 -0.789	 -1.359	  0.242
 -0.027	 -0.724	 -1.359	  0.242
 -0.028	 -0.671	 -1.350	  0.444
 -0.029	 -0.616	 -1.350	  0.444
 -0.029	 -0.557	 -1.349	  0.460
 -0.031	 -0.486	 -1.345	  0.525
 -0.033	 -0.428	 -1.326	  0.686
 -0.034	 -0.393	 -1.320	  0.739
 -0.036	 -0.362	 -1.316	  0.773
 -0.039	 -0.323	 -1.314	  0.789
 -0.041	 -0.280	 -1.314	  0.789
 -0.043	 -0.251	 -1.314	  0.789
 -0.043	 -0.236	 -1.314	  0.789
 -0.043	 -0.223	 -1.314	  0.789
 -0.043	 -0.206	 -1.314	  0.789
 -0.044	 -0.181	 -1.307	  0.863
 -0.045	 -0.159	 -1.307	  0.863
 -0.045	 -0.153	 -1.307	  0.863
 -0.046	 -0.148	 -1.307	  0.863
 -0.047	 -0.128	 -1.307	  0.863
 -0.050	 -0.093	 -1.290	  1.074
 -0.051	 -0.068	 -1.290	  1.074
 -0.051	 -0.044	 -1.290	  1.074
STOP

