-0.626665	-0.012653	-0.625054	-0.012566	
-0.638908	-0.012541	-0.628898	-0.012382	
-0.642603	-0.012492	-0.627356	-0.012509	
-0.624200	-0.012516	-0.614319	-0.012631	
-0.589397	-0.012399	-0.596752	-0.013116	
-0.561832	-0.012162	-0.571046	-0.013999	
-0.523409	-0.011940	-0.536799	-0.015090	
-0.470280	-0.011811	-0.495422	-0.016343	
-0.401442	-0.011641	-0.448864	-0.017694	
-0.346079	-0.011613	-0.398359	-0.018945	
-0.290793	-0.011627	-0.327086	-0.020737	
-0.234354	-0.011303	-0.272365	-0.023668	
-0.174760	-0.010642	-0.219459	-0.025311	
-0.114932	-0.010312	-0.168383	-0.026309	
-0.066885	-0.009967	-0.120331	-0.027793	
-0.028155	-0.009746	-0.080117	-0.029474	
-0.001438	-0.009433	-0.044374	-0.030882	
0.026435	-0.009302	-0.015850	-0.030692	
0.042990	-0.009441	0.008982	-0.030726	
0.045377	-0.009469	0.019123	-0.030948	
0.044530	-0.009463	0.021281	-0.031030	
0.026513	-0.009626	0.014536	-0.031181	
0.000874	-0.009972	0.003620	-0.031130	
-0.024150	-0.010216	-0.010377	-0.031013	
-0.037317	-0.010278	-0.024894	-0.031002	
-0.043707	-0.010369	-0.045040	-0.030372	
-0.056176	-0.010701	-0.057932	-0.030269	
-0.074804	-0.011202	-0.068447	-0.029810	
-0.089351	-0.011586	-0.077016	-0.029377	
-0.090737	-0.011612	-0.084532	-0.029232	
-0.090506	-0.011608	-0.089917	-0.029173	
-0.090506	-0.011608	-0.092208	-0.029158	
-0.090506	-0.011608	-0.092097	-0.029165	
-0.090506	-0.011608	-0.089915	-0.029179	
-0.089351	-0.011587	-0.085409	-0.029141	
-0.075261	-0.011443	-0.078645	-0.029328	
-0.056859	-0.011543	-0.072768	-0.029709	
-0.051084	-0.011601	-0.067325	-0.030232	
-0.051854	-0.011599	-0.060848	-0.030631	
-0.051623	-0.011599	-0.055883	-0.030617	
-0.051546	-0.011599	-0.049467	-0.030726	
-0.038379	-0.011561	-0.041673	-0.030793	
-0.020131	-0.011450	-0.036497	-0.031515	
-0.014125	-0.011383	-0.030199	-0.031971	
-0.015126	-0.011387	-0.024818	-0.031745	
-0.015203	-0.011386	-0.023295	-0.031761	
-0.021516	-0.011473	-0.026542	-0.031719	
-0.032658	-0.012854	-0.028190	-0.032283	
-0.035821	-0.013818	-0.030688	-0.031950	
-0.034559	-0.012700	-0.033086	-0.031451	
-0.032065	-0.008470	-0.033626	-0.030144	
-0.029386	-0.000122	-0.033010	-0.027754	
-0.028129	0.006456	-0.032279	-0.025956	
-0.028129	0.006456	-0.031539	-0.024209	
-0.028696	0.001949	-0.031601	-0.025223	
-0.029204	-0.005656	-0.031545	-0.027855	
-0.029114	-0.017897	-0.031775	-0.032223	
-0.028815	-0.039376	-0.031762	-0.034896	
-0.028557	-0.032759	-0.030879	-0.027713	
-0.027429	0.000101	-0.029510	-0.015312	
-0.026264	0.041433	-0.027150	0.014767	
-0.025495	0.075689	-0.024843	0.047821	
-0.024310	0.126649	-0.021827	0.087894	
-0.022921	0.177604	-0.018006	0.132839	
-0.020571	0.243628	-0.014479	0.184069	
-0.018572	0.304964	-0.010753	0.237726	
-0.016669	0.372235	-0.006129	0.294686	
-0.015351	0.432665	-0.000445	0.370194	
-0.013530	0.496241	0.003519	0.425606	
-0.011484	0.549717	0.006235	0.475478	
-0.010035	0.586416	0.010117	0.519017	
-0.009179	0.621133	0.013841	0.559386	
-0.008390	0.657776	0.016401	0.590677	
-0.007959	0.675404	0.018379	0.613562	
-0.007920	0.676866	0.019212	0.632460	
-0.007923	0.676789	0.019324	0.636521	
-0.008310	0.664707	0.019076	0.630695	
-0.009042	0.639769	0.018313	0.620529	
-0.009627	0.610592	0.017056	0.606128	
-0.009688	0.587955	0.015088	0.588764	
-0.009751	0.575866	0.014654	0.572282	
-0.009945	0.569864	0.013643	0.551888	
-0.010400	0.556551	0.012595	0.536765	
-0.011084	0.529455	0.011312	0.522992	
-0.011561	0.508055	0.010318	0.511593	
-0.011602	0.506207	0.009810	0.502207	
-0.011588	0.506592	0.009386	0.494856	
-0.011588	0.506592	0.009247	0.492055	
-0.011585	0.506669	0.009412	0.493891	
-0.011205	0.514899	0.009713	0.499096	
-0.010466	0.530127	0.010143	0.503967	
-0.009850	0.542663	0.010742	0.508429	
-0.009909	0.541124	0.011242	0.511529	
-0.009988	0.537352	0.011501	0.513071	
-0.010052	0.530807	0.011430	0.511662	
-0.010141	0.521337	0.011190	0.509243	
-0.010160	0.519643	0.011088	0.509753	
-0.010130	0.523108	0.011239	0.512672	
-0.009858	0.535886	0.011649	0.520013	
-0.008691	0.558802	0.012525	0.529606	
-0.007431	0.578011	0.013802	0.540082	
-0.007109	0.585625	0.015126	0.549928	
-0.007579	0.589594	0.016780	0.560182	
-0.010579	0.597150	0.018186	0.570532	
-0.014320	0.601920	0.018030	0.576205	
-0.015829	0.603112	0.017682	0.580432	
-0.010296	0.601234	0.018237	0.583108	
-0.001540	0.599489	0.019124	0.584564	
0.000519	0.599202	0.019213	0.584899	
0.000290	0.599232	0.019171	0.584886	
-0.007222	0.599930	0.015398	0.585430	
-0.020992	0.600514	0.011582	0.585652	
-0.019221	0.600514	0.008926	0.586267	
-0.012522	0.600461	0.000643	0.586631	
-0.018835	0.600553	-0.010729	0.587121	
-0.051076	0.601713	-0.027388	0.588466	
-0.084922	0.603235	-0.048070	0.590508	
-0.117693	0.604662	-0.086751	0.594561	
-0.151244	0.605830	-0.122676	0.597890	
-0.208896	0.607410	-0.163394	0.601386	
-0.261923	0.609058	-0.204790	0.604971	
-0.306857	0.610805	-0.249255	0.608000	
-0.350623	0.612815	-0.296929	0.611484	
-0.410788	0.615233	-0.344739	0.616184	
-0.467431	0.617034	-0.390789	0.620028	
-0.515455	0.618572	-0.432797	0.624119	
-0.539313	0.619321	-0.482495	0.627699	
-0.559091	0.619967	-0.513382	0.630001	
-0.584330	0.620909	-0.537961	0.631907	
-0.605948	0.621813	-0.556809	0.632852	
-0.618107	0.622212	-0.571657	0.635554	
-0.617799	0.622208	-0.579935	0.636557	
-0.615951	0.622188	-0.580582	0.636619	
-0.599938	0.621905	-0.573376	0.635933	
-0.573072	0.621270	-0.563160	0.634013	
-0.556833	0.620769	-0.552860	0.633496	
-0.555371	0.620712	-0.544041	0.632716	
-0.555371	0.620712	-0.537095	0.632329	
-0.555140	0.620703	-0.533452	0.632085	
-0.555140	0.620703	-0.531213	0.631909	
-0.555140	0.620703	-0.530391	0.631844	
-0.555140	0.620703	-0.529612	0.631844	
-0.555140	0.620703	-0.528653	0.631786	
-0.554756	0.620689	-0.527011	0.631617	
-0.544366	0.620360	-0.523982	0.631410	
-0.533205	0.620068	-0.523497	0.631243	
-0.536746	0.620153	-0.525748	0.631205	
-0.548518	0.620611	-0.530508	0.631700	
-0.565970	0.621577	-0.538338	0.632502	
-0.585027	0.622786	-0.546881	0.633429	
-0.592406	0.623230	-0.555574	0.633907	
-0.592945	0.623255	-0.563564	0.634998	
-0.594022	0.623295	-0.569941	0.635507	
-0.594022	0.623295	-0.571730	0.635769	
-0.594022	0.623295	-0.571964	0.635803	
-0.593868	0.623290	-0.570855	0.635688	
-0.593098	0.623268	-0.568449	0.635549	
-0.585870	0.623494	-0.565172	0.635339	
-0.582090	0.624500	-0.563519	0.636962	
-0.579562	0.626230	-0.560911	0.639124	
-0.577792	0.628642	-0.559543	0.641049	
-0.576449	0.631995	-0.558284	0.642765	
-0.576462	0.631605	-0.557270	0.644717	
-0.576318	0.632906	-0.556343	0.648246	
-0.575748	0.638266	-0.555689	0.652748	
-0.574932	0.649631	-0.554795	0.658996	
-0.574678	0.664488	-0.554006	0.667432	
-0.575008	0.678421	-0.553420	0.671965	
-0.575142	0.683193	-0.553467	0.669081	
-0.575151	0.668255	-0.554263	0.659367	
-0.575586	0.627063	-0.555689	0.640406	
-0.575938	0.591183	-0.557548	0.613964	
-0.576166	0.552992	-0.560063	0.577277	
-0.576448	0.496783	-0.564092	0.516890	
-0.576988	0.421248	-0.567521	0.466042	
-0.577727	0.357111	-0.571063	0.410888	
-0.578943	0.297372	-0.575224	0.354194	
-0.579779	0.242477	-0.580351	0.296373	
-0.580330	0.170254	-0.584917	0.240349	
-0.580751	0.109349	-0.588171	0.188263	
-0.580934	0.075854	-0.593058	0.127989	
-0.581010	0.047518	-0.595669	0.086962	
-0.581294	0.005709	-0.598189	0.054203	
-0.581592	-0.022857	-0.599983	0.030227	
-0.581666	-0.030556	-0.601439	0.010200	
-0.581665	-0.030480	-0.602257	-0.002940	
-0.581664	-0.030326	-0.602510	-0.007280	
-0.581665	-0.025937	-0.602224	-0.001103	
-0.581530	-0.001297	-0.601625	0.009128	
-0.581308	0.023804	-0.600596	0.020087	
-0.581247	0.034661	-0.599615	0.030244	
-0.581245	0.035123	-0.598990	0.042511	
-0.581248	0.041283	-0.598582	0.053368	
-0.581233	0.059070	-0.597977	0.063336	
-0.581228	0.079090	-0.596674	0.074048	
-0.581237	0.083479	-0.596009	0.079597	
-0.581237	0.083479	-0.595931	0.084069	
-0.581255	0.081169	-0.595921	0.082866	
-0.581648	0.064850	-0.596583	0.077866	
-0.582135	0.047608	-0.597211	0.072760	
-0.582256	0.042605	-0.598161	0.068122	
-0.582254	0.042682	-0.598768	0.062745	
-0.582239	0.043837	-0.598844	0.062550	
-0.582252	0.053924	-0.598671	0.064873	
-0.582416	0.066243	-0.598190	0.066175	
-0.582415	0.066165	-0.597731	0.065244	
-0.582480	0.055155	-0.598129	0.061274	
-0.582970	0.036759	-0.599132	0.054040	
-0.583743	0.015675	-0.600677	0.041441	
-0.584062	0.006209	-0.601576	0.032689	
-0.584077	0.005517	-0.602344	0.023671	
-0.584095	0.003746	-0.602852	0.016020


-0.598626	0.004465	-0.585707	0.004741	
-0.620340	0.004341	-0.585993	0.005147	
-0.607712	0.004394	-0.580857	0.005295	
-0.576912	0.004413	-0.568993	0.004353	
-0.546883	0.004290	-0.545506	0.002917	
-0.494678	0.003958	-0.513206	0.001096	
-0.446092	0.003567	-0.477161	-0.000287	
-0.406055	0.003185	-0.421457	-0.004170	
-0.360472	0.003487	-0.373532	-0.006264	
-0.293023	0.004092	-0.323299	-0.008258	
-0.232578	0.004178	-0.272224	-0.011203	
-0.174829	0.003946	-0.220218	-0.013986	
-0.120777	0.004179	-0.168097	-0.017396	
-0.068344	0.004834	-0.120846	-0.020141	
-0.025840	0.004956	-0.065532	-0.022577	
0.006346	0.004986	-0.031940	-0.023978	
0.021515	0.004987	-0.005388	-0.023964	
0.032987	0.004932	0.014055	-0.024680	
0.040302	0.004883	0.025687	-0.025243	
0.042997	0.004881	0.031160	-0.025539	
0.041765	0.004878	0.029789	-0.025429	
0.019821	0.004755	0.017640	-0.025351	
-0.007437	0.004614	0.005412	-0.024961	
-0.028997	0.004627	-0.009019	-0.024879	
-0.039700	0.004687	-0.024802	-0.024290	
-0.047475	0.004564	-0.039784	-0.023492	
-0.062253	0.004126	-0.053454	-0.023198	
-0.083193	0.003739	-0.066029	-0.022781	
-0.102519	0.003594	-0.077042	-0.022174	
-0.105907	0.003580	-0.087918	-0.021413	
-0.105830	0.003580	-0.092628	-0.021222	
-0.105830	0.003580	-0.092256	-0.021225	
-0.095897	0.003600	-0.086865	-0.021473	
-0.076571	0.003669	-0.080164	-0.022033	
-0.058014	0.003687	-0.072682	-0.022526	
-0.057475	0.003683	-0.066803	-0.022894	
-0.058168	0.003677	-0.058162	-0.023256	
-0.057860	0.003680	-0.054819	-0.023369	
-0.057860	0.003680	-0.051849	-0.023464	
-0.057552	0.003684	-0.048014	-0.023567	
-0.047311	0.003725	-0.041443	-0.023704	
-0.027214	0.003616	-0.035546	-0.024084	
-0.018282	0.003579	-0.030292	-0.024884	
-0.020130	0.003587	-0.023897	-0.025013	
-0.024903	0.003691	-0.023781	-0.024971	
-0.033126	0.003282	-0.024808	-0.024970	
-0.036748	0.002578	-0.025418	-0.024708	
-0.036054	0.003057	-0.027077	-0.023654	
-0.034671	0.004801	-0.027214	-0.022034	
-0.031524	0.012559	-0.025605	-0.018639	
-0.028461	0.026302	-0.023585	-0.012955	
-0.027183	0.038706	-0.020738	-0.003782	
-0.026959	0.043320	-0.019357	0.003531	
-0.026832	0.045395	-0.018877	0.009036	
-0.026827	0.045472	-0.018656	0.011466	
-0.027346	0.036941	-0.018677	0.011404	
-0.027809	0.023628	-0.018469	0.012323	
-0.027686	0.029325	-0.018232	0.023201	
-0.026461	0.057634	-0.016891	0.039383	
-0.024371	0.099316	-0.014049	0.062491	
-0.022499	0.138155	-0.010390	0.093688	
-0.020480	0.181151	-0.006449	0.131016	
-0.018283	0.227915	-0.002101	0.173731	
-0.015444	0.295307	0.002895	0.220878	
-0.013186	0.356557	0.009652	0.285493	
-0.011083	0.408181	0.013809	0.332327	
-0.009751	0.440340	0.018127	0.376929	
-0.008202	0.475803	0.022133	0.418384	
-0.006282	0.518032	0.025757	0.457356	
-0.004142	0.564336	0.029801	0.492991	
-0.002695	0.594640	0.033142	0.523841	
-0.002015	0.611720	0.036159	0.552742	
-0.001055	0.635417	0.039027	0.586103	
-0.000066	0.655952	0.040963	0.602791	
0.000426	0.665718	0.041915	0.613917	
0.000426	0.665718	0.042595	0.620326	
0.000381	0.664718	0.042531	0.619907	
-0.000261	0.647251	0.041997	0.612083	
-0.001356	0.618012	0.040876	0.601372	
-0.002248	0.597241	0.039073	0.583658	
-0.002612	0.588471	0.037864	0.568950	
-0.002845	0.582546	0.036640	0.554423	
-0.003533	0.564464	0.035394	0.540811	
-0.004523	0.540307	0.034068	0.528892	
-0.004986	0.528843	0.032870	0.518585	
-0.004980	0.528997	0.031620	0.506613	
-0.004977	0.529074	0.031180	0.501840	
-0.004977	0.529074	0.031011	0.499631	
-0.004977	0.529074	0.030966	0.498634	
-0.004977	0.529074	0.030900	0.498332	
-0.004977	0.529074	0.030924	0.498324	
-0.004977	0.529074	0.030946	0.498560	
-0.004977	0.529074	0.030970	0.499435	
-0.004977	0.529074	0.031104	0.500684	
-0.004977	0.529074	0.031310	0.502839	
-0.004971	0.529228	0.031663	0.506856	
-0.004792	0.533382	0.032230	0.514167	
-0.003567	0.557143	0.033381	0.524993	
-0.001834	0.587277	0.034912	0.536263	
-0.001606	0.596586	0.036998	0.551279	
-0.002481	0.601581	0.039107	0.563125	
-0.004536	0.606298	0.039277	0.570998	
-0.007214	0.609558	0.038941	0.576482	
-0.009193	0.610877	0.038725	0.581088	
-0.007829	0.610604	0.038576	0.584449	
-0.002035	0.609801	0.038977	0.586486	
-0.001882	0.609787	0.038907	0.587055	
-0.001958	0.609794	0.039500	0.586985	
-0.001882	0.609787	0.039456	0.586973	
-0.001728	0.609773	0.038717	0.587137	
0.002418	0.609459	0.037232	0.587327	
0.004417	0.609367	0.032210	0.587956	
-0.003738	0.609696	0.021919	0.588795	
-0.034605	0.610437	-0.000927	0.591043	
-0.076796	0.611121	-0.025286	0.592919	
-0.114432	0.612221	-0.054686	0.595694	
-0.148807	0.613957	-0.087956	0.598840	
-0.178796	0.615518	-0.124745	0.603373	
-0.231134	0.616981	-0.165112	0.608379	
-0.285183	0.617646	-0.207005	0.612906	
-0.345307	0.618832	-0.267373	0.617135	
-0.391546	0.620690	-0.267373	0.617135	
-0.429852	0.622437	-0.267373	0.617135	
-0.456709	0.623362	-0.325451	0.621962	
-0.488274	0.623938	-0.412523	0.631276	
-0.522459	0.624383	-0.454869	0.635383	
-0.562791	0.625493	-0.483692	0.637635	
-0.585643	0.626357	-0.513757	0.640326	
-0.588644	0.626463	-0.530915	0.642078	
-0.588721	0.626465	-0.543220	0.642954	
-0.589568	0.626491	-0.551101	0.643598	
-0.610195	0.627096	-0.558286	0.644060	
-0.616660	0.627298	-0.557521	0.644035	
-0.600570	0.626954	-0.554584	0.644111	
-0.577478	0.626372	-0.544291	0.643298	
-0.557470	0.625665	-0.534435	0.642565	
-0.553470	0.625507	-0.524472	0.641618	
-0.553393	0.625505	-0.514628	0.640693	
-0.540847	0.625126	-0.505048	0.639827	
-0.519831	0.624714	-0.499208	0.639031	
-0.517443	0.624706	-0.495541	0.638547	
-0.522983	0.624923	-0.492549	0.638488	
-0.529749	0.625300	-0.495097	0.638893	
-0.537127	0.625745	-0.499674	0.639523	
-0.546586	0.626228	-0.505253	0.640309	
-0.555743	0.626566	-0.511128	0.641106	
-0.562900	0.626789	-0.516288	0.641743	
-0.563670	0.626815	-0.520417	0.642093	
-0.563593	0.626812	-0.523710	0.642345	
-0.563593	0.626812	-0.526477	0.642596	
-0.563593	0.626812	-0.528554	0.642795	
-0.564978	0.626865	-0.531740	0.643060	
-0.575594	0.627320	-0.535879	0.643435	
-0.588669	0.627952	-0.540342	0.643824	
-0.593282	0.628196	-0.543281	0.643906	
-0.588818	0.628084	-0.545945	0.644093	
-0.588000	0.628295	-0.548545	0.645251	
-0.586029	0.629483	-0.548592	0.646230	
-0.583926	0.631819	-0.548806	0.647002	
-0.583444	0.632526	-0.549542	0.646386	
-0.585285	0.624503	-0.549793	0.643988	
-0.586346	0.616413	-0.550157	0.641912	
-0.586516	0.614264	-0.550841	0.639811	
-0.586516	0.614264	-0.551139	0.638175	
-0.586411	0.616032	-0.550961	0.639818	
-0.586174	0.629427	-0.550528	0.643603	
-0.586591	0.657219	-0.550499	0.642882	
-0.586410	0.645594	-0.550216	0.635869	
-0.586408	0.612792	-0.551561	0.622952	
-0.586738	0.568211	-0.553693	0.600914	
-0.586667	0.535640	-0.556205	0.572394	
-0.586768	0.496909	-0.559232	0.523513	
-0.587236	0.450404	-0.562068	0.484347	
-0.587723	0.396891	-0.565904	0.441029	
-0.587809	0.346764	-0.570156	0.394820	
-0.587697	0.289862	-0.573764	0.345991	
-0.587943	0.232421	-0.577390	0.297169	
-0.588670	0.183301	-0.582700	0.231639	
-0.589904	0.133189	-0.587511	0.182896	
-0.590370	0.084298	-0.592963	0.137400	
-0.590159	0.041332	-0.597043	0.093159	
-0.589971	-0.007177	-0.600111	0.051262	
-0.590340	-0.047369	-0.602127	0.015731	
-0.590653	-0.073316	-0.605174	-0.014865	
-0.590676	-0.088716	-0.608183	-0.046595	
-0.590640	-0.102191	-0.609427	-0.061056	
-0.590640	-0.104424	-0.609528	-0.067738	
-0.590637	-0.103962	-0.609570	-0.067682	
-0.590520	-0.087561	-0.608818	-0.058421	
-0.590330	-0.050217	-0.607554	-0.044543	
-0.590344	-0.023344	-0.605722	-0.028140	
-0.590375	-0.009099	-0.603462	-0.000881	


-0.529023	-0.001877	-0.520449	-0.001853	
-0.545732	-0.002009	-0.517746	-0.001708	
-0.541805	-0.001996	-0.506896	-0.001631	
-0.510081	-0.001895	-0.493354	-0.001796	
-0.482361	-0.001782	-0.475502	-0.001916	
-0.460340	-0.001848	-0.448979	-0.002081	
-0.424612	-0.001977	-0.415395	-0.002484	
-0.363245	-0.001503	-0.378387	-0.001896	
-0.313274	-0.001127	-0.337747	-0.001880	
-0.263843	-0.000629	-0.275160	-0.002197	
-0.216953	-0.000129	-0.227423	-0.002735	
-0.160897	0.000126	-0.180217	-0.002719	
-0.108615	0.000258	-0.136764	-0.003079	
-0.071348	0.000564	-0.093291	-0.003403	
-0.026305	0.000961	-0.052624	-0.003203	
0.009730	0.001160	-0.018045	-0.002818	
0.030597	0.001227	0.009684	-0.002488	
0.040299	0.001256	0.038938	-0.001983	
0.055468	0.001282	0.053479	-0.001764	
0.065555	0.001226	0.059964	-0.001600	
0.064708	0.001234	0.061863	-0.001460	
0.053004	0.001181	0.056187	-0.001623	
0.022590	0.000982	0.045067	-0.002047	
-0.006131	0.000838	0.030680	-0.002027	
-0.024534	0.000756	0.008463	-0.002162	
-0.032465	0.000758	-0.010197	-0.002194	
-0.050945	0.000815	-0.028296	-0.002027	
-0.079127	0.000863	-0.045029	-0.001776	
-0.102688	0.000917	-0.059720	-0.001339	
-0.108155	0.000920	-0.070434	-0.000880	
-0.107077	0.000917	-0.079337	-0.000800	
-0.107000	0.000916	-0.081215	-0.000899	
-0.100840	0.000921	-0.076020	-0.000917	
-0.082285	0.001141	-0.068184	-0.000884	
-0.059112	0.001570	-0.058673	-0.001060	
-0.046101	0.001812	-0.048572	-0.001058	
-0.047025	0.001804	-0.040056	-0.000847	
-0.046871	0.001806	-0.033341	-0.000751	
-0.046871	0.001806	-0.028804	-0.000711	
-0.046794	0.001807	-0.026466	-0.000588	
-0.046717	0.001808	-0.023947	-0.000607	
-0.040788	0.001840	-0.020046	-0.000573	
-0.028315	0.001746	-0.016178	-0.000714	
-0.019923	0.001620	-0.013500	-0.000785	
-0.023136	0.001277	-0.011490	-0.001030	
-0.026546	0.000112	-0.010413	-0.002060	
-0.028946	-0.001676	-0.011196	-0.003542	
-0.031224	-0.004670	-0.012003	-0.004802	
-0.032511	-0.007547	-0.012174	-0.005245	
-0.031947	-0.004675	-0.011642	-0.003520	
-0.030457	0.005378	-0.010961	0.000886	
-0.029315	0.016870	-0.009920	0.007802	
-0.028435	0.030162	-0.009218	0.016008	
-0.027946	0.042240	-0.008089	0.026119	
-0.028082	0.037237	-0.007507	0.031656	
-0.028248	0.032235	-0.007334	0.043217	
-0.027676	0.047933	-0.006770	0.058585	
-0.026398	0.082790	-0.005706	0.078876	
-0.024521	0.130185	-0.004553	0.105843	
-0.022998	0.167961	-0.002990	0.137670	
-0.021444	0.203193	-0.000663	0.187215	
-0.019641	0.244348	0.001308	0.228691	
-0.017373	0.303132	0.003384	0.270653	
-0.015456	0.353762	0.005418	0.315159	
-0.013474	0.402231	0.006982	0.360574	
-0.011657	0.444850	0.009541	0.404856	
-0.009905	0.492404	0.011300	0.446773	
-0.008253	0.530791	0.013209	0.495660	
-0.006731	0.560242	0.015259	0.526689	
-0.005941	0.577704	0.016457	0.553656	
-0.005105	0.597629	0.016994	0.576288	
-0.004240	0.616705	0.017995	0.594179	
-0.003729	0.628861	0.018709	0.605487	
-0.003811	0.626629	0.018994	0.610965	
-0.004183	0.617165	0.018873	0.608935	
-0.005015	0.599321	0.018304	0.602009	
-0.006020	0.579634	0.017334	0.591560	
-0.006774	0.565024	0.016589	0.579498	
-0.007323	0.555800	0.016472	0.569479	
-0.007418	0.554109	0.016119	0.561941	
-0.007418	0.554109	0.015854	0.556246	
-0.007483	0.552802	0.015654	0.550355	
-0.007938	0.542879	0.015488	0.546321	
-0.008370	0.531722	0.015391	0.543877	
-0.008415	0.530414	0.015253	0.543928	
-0.008118	0.538571	0.015348	0.547754	
-0.007153	0.559647	0.015706	0.555684	
-0.005913	0.582790	0.016166	0.565688	
-0.005026	0.597162	0.016498	0.579303	
-0.004987	0.597777	0.017460	0.588596	
-0.005038	0.596700	0.017660	0.593141	
-0.005035	0.596777	0.017649	0.593211	
-0.005133	0.594161	0.017495	0.589230	
-0.005806	0.576233	0.017093	0.581819	
-0.006851	0.557011	0.016929	0.575444	
-0.006936	0.555628	0.016940	0.570644	
-0.006492	0.561849	0.016887	0.570218	
-0.005760	0.574301	0.017170	0.574605	
-0.005300	0.590923	0.017270	0.581614	
-0.006759	0.602975	0.018349	0.588355	
-0.007302	0.604580	0.020333	0.594815	
-0.005583	0.602720	0.021658	0.600426	
-0.002277	0.600618	0.023579	0.603754	
0.003251	0.598734	0.025820	0.604654	
0.009165	0.597704	0.027984	0.604977	
0.009624	0.597651	0.029897	0.604787	
0.009701	0.597642	0.032490	0.604539	
0.009701	0.597642	0.034749	0.604348	
0.012381	0.597364	0.037493	0.604017	
0.039728	0.595562	0.038720	0.603715	
0.038572	0.595553	0.032548	0.601999	
0.012328	0.596340	0.021730	0.602984	
-0.020753	0.597729	0.003179	0.604559	
-0.056060	0.599319	-0.023557	0.606581	
-0.093363	0.601096	-0.057996	0.608655	
-0.153293	0.603600	-0.098178	0.610019	
-0.206536	0.605693	-0.154756	0.612471	
-0.247697	0.607352	-0.200383	0.614765	
-0.290251	0.608866	-0.250158	0.616892	
-0.360193	0.611533	-0.298411	0.618931	
-0.412661	0.613714	-0.345066	0.619945	
-0.455584	0.615640	-0.392057	0.621706	
-0.497361	0.617319	-0.451494	0.625245	
-0.546384	0.618933	-0.490854	0.627585	
-0.583556	0.620094	-0.523947	0.629287	
-0.603253	0.620875	-0.551677	0.628840	
-0.611559	0.621274	-0.574072	0.630096	
-0.620870	0.621605	-0.588321	0.630788	
-0.628336	0.621800	-0.595616	0.631264	
-0.627027	0.621783	-0.596320	0.631487	
-0.617327	0.621635	-0.589336	0.631616	
-0.587711	0.620348	-0.577876	0.630731	
-0.560495	0.618828	-0.564558	0.629498	
-0.552500	0.618380	-0.551548	0.629234	
-0.551269	0.618329	-0.538032	0.628569	
-0.539033	0.617899	-0.525860	0.628251	
-0.518258	0.617129	-0.512672	0.627399	
-0.501635	0.616573	-0.509810	0.627206	
-0.500943	0.616551	-0.509810	0.627206	
-0.504560	0.616667	-0.507057	0.626890	
-0.516947	0.617143	-0.498306	0.626119	
-0.537787	0.618201	-0.498306	0.626119	
-0.555851	0.619261	-0.498306	0.626119	
-0.559464	0.619473	-0.508996	0.626850	
-0.559541	0.619477	-0.539177	0.629159	
-0.559695	0.619486	-0.544140	0.629370	
-0.559925	0.619499	-0.548977	0.629595	
-0.576686	0.620422	-0.556062	0.629893	
-0.593290	0.621392	-0.560839	0.629982	
-0.595672	0.621545	-0.565613	0.630312	
-0.591211	0.621333	-0.566590	0.630384	
-0.576284	0.620764	-0.561885	0.630326	
-0.561826	0.620037	-0.557422	0.630385	
-0.562367	0.620021	-0.555726	0.630493	
-0.573126	0.619586	-0.555462	0.630357	
-0.576338	0.618822	-0.557198	0.630180	
-0.577028	0.618337	-0.561598	0.628815	
-0.579374	0.615014	-0.566237	0.623433	
-0.583899	0.604319	-0.568146	0.617788	
-0.587124	0.592516	-0.569609	0.613397	
-0.587782	0.589114	-0.570943	0.610507	
-0.587379	0.591623	-0.571404	0.609320	
-0.586397	0.600809	-0.571238	0.611567	
-0.585819	0.612729	-0.571191	0.616143	
-0.585257	0.632510	-0.570898	0.620668	
-0.584929	0.640665	-0.571289	0.616721	
-0.586327	0.617916	-0.571987	0.605877	
-0.588356	0.579933	-0.573007	0.585867	
-0.590381	0.537400	-0.575281	0.555746	
-0.593452	0.483048	-0.577412	0.517337	
-0.596380	0.435629	-0.579654	0.475529	
-0.599805	0.385079	-0.582114	0.429556	
-0.602830	0.334581	-0.585863	0.365369	
-0.606235	0.271147	-0.589411	0.315748	
-0.609136	0.214319	-0.592440	0.268172	
-0.611460	0.177046	-0.594432	0.224023	
-0.613997	0.141872	-0.596958	0.178231	
-0.617171	0.088220	-0.600099	0.136885	
-0.619254	0.044457	-0.603168	0.101629	
-0.620292	0.023848	-0.605848	0.060233	
-0.621146	0.010477	-0.606763	0.034598	
-0.622743	-0.011178	-0.607629	0.015079	
-0.624538	-0.033513	-0.608798	0.001139	
-0.624739	-0.035892	-0.609468	-0.005372	
-0.624335	-0.029128	-0.610051	-0.008721	
-0.623394	-0.011674	-0.609829	-0.003978	
-0.622272	0.008006	-0.609132	0.009124	
-0.621119	0.026835	-0.608531	0.021837	
-0.620239	0.040822	-0.607747	0.034952	
-0.619674	0.050353	-0.606852	0.048036	
-0.619164	0.060042	-0.605944	0.061993	
-0.618116	0.078954	-0.604910	0.076427	
-0.616295	0.106074	-0.603790	0.089923	
-0.615322	0.120286	-0.602434	0.100462	
-0.615337	0.120055	-0.601350	0.109877	
-0.615577	0.116367	-0.601522	0.109037	
-0.616964	0.094698	-0.602024	0.102585	
-0.618237	0.074024	-0.602974	0.095231	
-0.618573	0.068104	-0.604000	0.087155	
-0.618580	0.067950	-0.604376	0.078069	
-0.618599	0.067566	-0.604587	0.070601	
-0.619341	0.055731	-0.605046	0.059473	
-0.620754	0.036456	-0.606179	0.052159	
-0.621686	0.023477	-0.607022	0.045362	
-0.621730	0.022862	-0.607624	0.040589	
-0.621637	0.024322	-0.607671	0.038400	
-0.621093	0.034394	-0.607634	0.040918	
-0.620217	0.048998	-0.607218	0.045905	
-0.619678	0.057374	-0.606686	0.048327	
-0.619853	0.054839	-0.606519	0.048710	
-0.620445	0.045618	-0.606810	0.044727


-0.642959	-0.005599	-0.640961	-0.005366	
-0.652507	-0.005539	-0.639988	-0.005372	
-0.645269	-0.005571	-0.630841	-0.006250	
-0.613315	-0.005489	-0.606555	-0.007895	
-0.560493	-0.005289	-0.578902	-0.010189	
-0.519452	-0.005252	-0.545493	-0.013072	
-0.478027	-0.005398	-0.503845	-0.016714	
-0.423742	-0.005328	-0.457898	-0.020464	
-0.362374	-0.005114	-0.408337	-0.024701	
-0.299311	-0.005092	-0.356674	-0.028204	
-0.243563	-0.005043	-0.287750	-0.035140	
-0.186815	-0.004694	-0.235965	-0.040000	
-0.138691	-0.004389	-0.188658	-0.043459	
-0.096573	-0.004148	-0.145957	-0.046704	
-0.066313	-0.003945	-0.107251	-0.049334	
-0.030586	-0.003700	-0.073862	-0.051546	
-0.002250	-0.003726	-0.039504	-0.054163	
0.010917	-0.003753	-0.020679	-0.055852	
0.011148	-0.003754	-0.006182	-0.056841	
0.011995	-0.003754	0.003951	-0.057484	
0.028935	-0.003729	0.012302	-0.058003	
0.039099	-0.003692	0.012765	-0.058091	
0.030860	-0.003752	0.010943	-0.058212	
0.011379	-0.003893	0.004337	-0.057654	
-0.014108	-0.003952	-0.010421	-0.056788	
-0.031201	-0.003986	-0.022861	-0.055479	
-0.042904	-0.004141	-0.036359	-0.054445	
-0.051680	-0.004355	-0.048447	-0.053608	
-0.062609	-0.004680	-0.059226	-0.053022	
-0.073154	-0.004949	-0.068492	-0.052481	
-0.083471	-0.005070	-0.075930	-0.051950	
-0.088784	-0.005020	-0.083066	-0.051467	
-0.089323	-0.005008	-0.086122	-0.051232	
-0.089246	-0.005010	-0.086122	-0.051232	
-0.089015	-0.005014	-0.086122	-0.051232	
-0.076696	-0.005112	-0.085876	-0.051263	
-0.054213	-0.004905	-0.070973	-0.052494	
-0.035042	-0.004609	-0.058257	-0.053534	
-0.029575	-0.004563	-0.045857	-0.054470	
-0.029421	-0.004564	-0.035686	-0.055123	
-0.025032	-0.004547	-0.026771	-0.055682	
-0.004243	-0.004454	-0.018706	-0.056311	
0.007923	-0.004451	-0.013628	-0.057070	
0.007769	-0.004448	-0.008702	-0.057314	
0.006922	-0.004439	-0.006549	-0.057311	
0.000224	-0.004413	-0.009586	-0.057136	
-0.012092	-0.004677	-0.012953	-0.057018	
-0.022695	-0.006030	-0.015084	-0.056614	
-0.021793	-0.005396	-0.016521	-0.055451	
-0.014745	0.000758	-0.016237	-0.053246	
-0.008516	0.010085	-0.013910	-0.049807	
-0.005023	0.018707	-0.011133	-0.045756	
-0.005336	0.016885	-0.008606	-0.042235	
-0.006058	0.011700	-0.007409	-0.039070	
-0.006067	0.011623	-0.006824	-0.036058	
-0.005191	0.021903	-0.005908	-0.031165	
-0.004931	0.033447	-0.005498	-0.025824	
-0.005047	0.038143	-0.004540	-0.018928	
-0.005057	0.038373	-0.004191	-0.009132	
-0.005227	0.046148	-0.003646	0.009880	
-0.005025	0.076254	-0.001349	0.028474	
-0.004363	0.116365	0.001137	0.052129	
-0.004155	0.153247	0.004718	0.082650	
-0.004233	0.194288	0.008022	0.118406	
-0.004000	0.237330	0.010760	0.158195	
-0.003284	0.295075	0.013914	0.201389	
-0.002659	0.347663	0.019199	0.259218	
-0.002381	0.390473	0.023543	0.301763	
-0.002399	0.425893	0.027014	0.345446	
-0.002220	0.473633	0.029829	0.386015	
-0.001596	0.518827	0.032873	0.423461	
-0.001043	0.554935	0.035710	0.456041	
-0.001029	0.569950	0.038383	0.484462	
-0.001151	0.582038	0.040907	0.514350	
-0.001404	0.596435	0.041987	0.530397	
-0.001703	0.614297	0.042910	0.541878	
-0.001741	0.619840	0.043477	0.548441	
-0.001742	0.619455	0.043306	0.552241	
-0.001745	0.612371	0.043287	0.549208	
-0.001803	0.590350	0.042639	0.541980	
-0.001908	0.570176	0.041095	0.529575	
-0.001981	0.555392	0.039881	0.519212	
-0.002021	0.551311	0.039092	0.509666	
-0.002038	0.550541	0.038536	0.501408	
-0.002112	0.547077	0.037757	0.494030	
-0.002281	0.532987	0.037239	0.487181	
-0.002363	0.517588	0.036656	0.482055	
-0.002375	0.514970	0.036304	0.478862	
-0.002279	0.520975	0.036494	0.480703	
-0.002082	0.535219	0.037120	0.487817	
-0.001927	0.561244	0.038105	0.497850	
-0.001795	0.580416	0.039036	0.507713	
-0.001785	0.581956	0.039830	0.516533	
-0.001785	0.581956	0.040617	0.523943	
-0.001785	0.581956	0.040838	0.528107	
-0.001785	0.581956	0.040851	0.528545	
-0.001785	0.581956	0.040746	0.527279	
-0.001779	0.578876	0.040536	0.524120	
-0.001712	0.567172	0.040236	0.520369	
-0.001772	0.556393	0.039836	0.517903	
-0.001784	0.555546	0.039717	0.517443	
-0.001538	0.566169	0.040099	0.522121	
-0.002350	0.586311	0.040726	0.527822	
-0.005464	0.599939	0.042084	0.533809	
-0.006027	0.601388	0.043581	0.540950	
-0.002930	0.598637	0.044403	0.546758	
-0.000074	0.597132	0.043260	0.550285	
-0.002166	0.597661	0.040969	0.552091	
-0.008184	0.598975	0.036655	0.553032	
-0.014420	0.599959	0.032458	0.554113	
-0.023149	0.600882	0.027425	0.555248	
-0.033204	0.601671	0.023185	0.556059	
-0.028128	0.601421	0.021565	0.556528	
-0.012056	0.600609	0.018123	0.557003	
-0.014745	0.600782	0.011581	0.557952	
-0.036570	0.602159	-0.003898	0.559852	
-0.071308	0.604300	-0.023020	0.562333	
-0.102270	0.606372	-0.048453	0.565739	
-0.141762	0.608963	-0.079955	0.570593	
-0.180427	0.611221	-0.114039	0.575426	
-0.224859	0.613785	-0.152019	0.580815	
-0.268573	0.616727	-0.192299	0.586233	
-0.321854	0.620818	-0.249284	0.593550	
-0.371754	0.624684	-0.291733	0.599399	
-0.419527	0.628093	-0.333153	0.605411	
-0.451883	0.630081	-0.370691	0.610764	
-0.479548	0.631822	-0.404015	0.614627	
-0.502594	0.633403	-0.432833	0.618557	
-0.525014	0.635096	-0.457261	0.621271	
-0.545580	0.636787	-0.485027	0.625074	
-0.567229	0.638470	-0.501872	0.627660	
-0.575448	0.639031	-0.513864	0.629466	
-0.576063	0.639068	-0.523672	0.630878	
-0.579522	0.639283	-0.530143	0.631514	
-0.582903	0.639503	-0.533480	0.631933	
-0.583594	0.639549	-0.534548	0.632060	
-0.583517	0.639544	-0.532781	0.631875	
-0.579214	0.639274	-0.527939	0.631333	
-0.560696	0.638077	-0.521297	0.630429	
-0.542260	0.636796	-0.515058	0.629587	
-0.539418	0.636592	-0.509954	0.628753	
-0.539418	0.636592	-0.506115	0.628065	
-0.540801	0.636692	-0.506451	0.628188	
-0.555708	0.637648	-0.510819	0.628752	
-0.572463	0.638662	-0.517134	0.629711	
-0.577151	0.638964	-0.520133	0.630362	
-0.576689	0.638936	-0.522535	0.630557	
-0.567082	0.638360	-0.519930	0.630301	
-0.548028	0.637090	-0.516177	0.629560	
-0.539658	0.636472	-0.513220	0.629083	
-0.541961	0.636659	-0.511342	0.628797	
-0.551403	0.637389	-0.514956	0.629440	
-0.568612	0.638551	-0.521869	0.630201	
-0.585054	0.639642	-0.529187	0.631331	
-0.592045	0.640117	-0.535901	0.632307	
-0.592045	0.640117	-0.542221	0.632911	
-0.592199	0.640128	-0.547311	0.633363	
-0.598121	0.640392	-0.552457	0.634001	
-0.612376	0.639338	-0.557927	0.635156	
-0.614438	0.638719	-0.560533	0.636598	
-0.612887	0.640204	-0.560533	0.636598	
-0.610361	0.644333	-0.560533	0.636598	
-0.607594	0.651918	-0.566677	0.640078	
-0.605936	0.659749	-0.565095	0.647561	
-0.605383	0.663714	-0.564686	0.648917	
-0.605269	0.664709	-0.564686	0.648917	
-0.605140	0.665934	-0.563510	0.653175	
-0.604650	0.673771	-0.560946	0.666255	
-0.604747	0.712653	-0.559559	0.680196	
-0.604959	0.721891	-0.559308	0.677538	
-0.604987	0.704874	-0.559802	0.673902	
-0.605196	0.666991	-0.561230	0.659090	
-0.605607	0.627646	-0.563531	0.624407	
-0.606271	0.588998	-0.566007	0.587685	
-0.606709	0.537102	-0.569596	0.544745	
-0.606694	0.472576	-0.572582	0.496483	
-0.606727	0.415289	-0.575854	0.443402	
-0.607282	0.348455	-0.579471	0.386514	
-0.607862	0.285318	-0.583167	0.329960	
-0.608183	0.221024	-0.588985	0.253403	
-0.608385	0.163352	-0.592595	0.197511	
-0.608674	0.105911	-0.596597	0.144628	
-0.609093	0.058788	-0.600345	0.097439	
-0.609499	0.014361	-0.603371	0.055885	
-0.609694	-0.016053	-0.605862	0.020699	
-0.609744	-0.037382	-0.608156	-0.006906	
-0.609739	-0.044081	-0.609236	-0.029719	
-0.609744	-0.044620	-0.609432	-0.038503	
-0.609740	-0.044235	-0.609598	-0.040523	
-0.609738	-0.042156	-0.609310	-0.035969	
-0.609689	-0.023599	-0.608927	-0.025024	
-0.609056	0.009659	-0.607659	-0.010864	
-0.608378	0.038449	-0.605583	0.007201	
-0.607956	0.058541	-0.603387	0.031243	
-0.607929	0.068782	-0.601865	0.049896	
-0.608186	0.083101	-0.600805	0.065715	
-0.608557	0.101039	-0.600109	0.079766	
-0.608757	0.120749	-0.599542	0.091286	
-0.608739	0.126293	-0.599114	0.099018	
-0.608742	0.126139	-0.598997	0.105117	
-0.608744	0.125985	-0.598985	0.104679	
-0.608959	0.113513	-0.599478	0.097886	
-0.609344	0.092804	-0.600233	0.089825	
-0.609740	0.073866	-0.601119	0.080143	
-0.609887	0.067246	-0.602118	0.071075	
-0.609915	0.065552	-0.602926	0.060039	
-0.610008	0.058314	-0.603577	0.050632	
-0.610167	0.043685	-0.604345	0.041212	
-0.610382	0.024206	-0.605462	0.029021	
-0.610539	0.012349	-0.606060	0.021186	
-0.610542	0.012195	-0.606060	0.021186	
-0.610534	0.012580	-0.606060	0.021186	
-0.610499	0.015659	-0.606549	0.013649	
-0.610417	0.024591	-0.606521	0.014602	


-0.611757	-0.003499	-0.596914	-0.003162	
-0.638399	-0.003652	-0.601703	-0.002704	
-0.628620	-0.003634	-0.600853	-0.002472	
-0.609216	-0.003714	-0.591139	-0.002634	
-0.565635	-0.003993	-0.570473	-0.002918	
-0.522825	-0.004369	-0.542692	-0.003349	
-0.481330	-0.005168	-0.506628	-0.003126	
-0.438833	-0.005914	-0.448531	-0.003765	
-0.377774	-0.006334	-0.400801	-0.003943	
-0.316790	-0.006411	-0.350696	-0.003402	
-0.252496	-0.006741	-0.298564	-0.003813	
-0.199135	-0.006749	-0.246771	-0.003800	
-0.153012	-0.006727	-0.198154	-0.003581	
-0.111586	-0.006803	-0.153402	-0.003633	
-0.078323	-0.006893	-0.114393	-0.002891	
-0.043135	-0.007235	-0.070579	-0.002833	
-0.017187	-0.007461	-0.043920	-0.002542	
0.001138	-0.007582	-0.022583	-0.002437	
0.007837	-0.007595	-0.006526	-0.002353	
0.014382	-0.007597	0.004763	-0.002245	
0.018848	-0.007610	0.009995	-0.002086	
0.018155	-0.007611	0.010437	-0.002193	
0.011226	-0.007699	0.003434	-0.002512	
-0.009410	-0.007757	-0.006543	-0.002600	
-0.036821	-0.007500	-0.018725	-0.002651	
-0.054222	-0.007353	-0.030547	-0.002470	
-0.056224	-0.007343	-0.040867	-0.002580	
-0.056532	-0.007343	-0.048819	-0.002812	
-0.056532	-0.007343	-0.053310	-0.002873	
-0.056840	-0.007343	-0.056521	-0.002941	
-0.063770	-0.007408	-0.060674	-0.003092	
-0.073239	-0.007591	-0.062017	-0.003035	
-0.075548	-0.007651	-0.061052	-0.002758	
-0.068620	-0.007504	-0.056686	-0.002520	
-0.049909	-0.007500	-0.048578	-0.002427	
-0.026660	-0.007960	-0.037846	-0.002412	
-0.007575	-0.008616	-0.026296	-0.002406	
-0.005190	-0.008689	-0.013098	-0.002771	
-0.005190	-0.008689	-0.004826	-0.003022	
-0.005036	-0.008690	0.000609	-0.002938	
0.002587	-0.008753	0.005853	-0.002900	
0.017448	-0.008819	0.008906	-0.002936	
0.017602	-0.008822	0.008452	-0.003103	
0.010518	-0.008820	0.006623	-0.003130	
-0.007192	-0.008772	-0.002308	-0.003231	
-0.025823	-0.008950	-0.010983	-0.003308	
-0.036355	-0.010244	-0.019489	-0.003388	
-0.040636	-0.011930	-0.026577	-0.004494	
-0.042066	-0.013091	-0.031307	-0.005630	
-0.041805	-0.012530	-0.033902	-0.006440	
-0.041010	-0.010120	-0.034876	-0.006658	
-0.040345	-0.006564	-0.034958	-0.006036	
-0.040292	-0.006183	-0.034762	-0.005161	
-0.040282	-0.006107	-0.034651	-0.004412	
-0.040302	-0.006259	-0.034720	-0.004700	
-0.040718	-0.009776	-0.034833	-0.005753	
-0.041763	-0.029530	-0.034692	-0.005878	
-0.041800	-0.029222	-0.035878	0.002218	
-0.041496	-0.000581	-0.035678	0.021700	
-0.040514	0.047842	-0.035375	0.046003	
-0.039940	0.087955	-0.034397	0.080255	
-0.039507	0.143316	-0.033408	0.123745	
-0.039010	0.203913	-0.033365	0.170699	
-0.037881	0.260419	-0.033850	0.221004	
-0.036718	0.310455	-0.033601	0.275304	
-0.035935	0.381136	-0.032299	0.349898	
-0.035889	0.448203	-0.031929	0.403663	
-0.035440	0.501176	-0.032510	0.454566	
-0.034768	0.538592	-0.033560	0.503987	
-0.033913	0.583167	-0.033289	0.547711	
-0.033225	0.627436	-0.032785	0.585471	
-0.032894	0.655462	-0.031823	0.615519	
-0.032706	0.666472	-0.032455	0.647227	
-0.032521	0.673630	-0.032784	0.661688	
-0.032400	0.677787	-0.032936	0.668059	
-0.032416	0.677248	-0.032915	0.667491	
-0.032629	0.662774	-0.032652	0.658562	
-0.033059	0.627433	-0.032203	0.644667	
-0.033503	0.596790	-0.032036	0.633763	
-0.033715	0.574385	-0.032036	0.633763	
-0.033790	0.562758	-0.032516	0.614676	
-0.033955	0.551363	-0.032523	0.568822	
-0.034572	0.519260	-0.032911	0.544465	
-0.035071	0.496628	-0.033348	0.531668	
-0.035123	0.494472	-0.033732	0.519287	
-0.035127	0.494241	-0.033708	0.509344	
-0.035127	0.494241	-0.033697	0.502228	
-0.035201	0.491008	-0.033714	0.498474	
-0.035492	0.481003	-0.033716	0.496436	
-0.035696	0.475308	-0.033705	0.497540	
-0.035355	0.484234	-0.033671	0.503447	
-0.034819	0.506480	-0.033642	0.513794	
-0.034396	0.536661	-0.033479	0.527719	
-0.034090	0.561068	-0.033206	0.549078	
-0.033962	0.570384	-0.033050	0.564151	
-0.033835	0.577082	-0.033167	0.580339	
-0.033500	0.592632	-0.033230	0.594905	
-0.032962	0.618806	-0.032601	0.607837	
-0.032647	0.633510	-0.031979	0.617449	
-0.032664	0.632586	-0.032012	0.624864	
-0.032381	0.624432	-0.031856	0.627639	
-0.030229	0.613268	-0.030196	0.625632	
-0.027789	0.608310	-0.027708	0.621049	
-0.024766	0.605150	-0.023425	0.616577	
-0.018247	0.601389	-0.017077	0.613186	
-0.003531	0.597241	-0.009623	0.611536	
0.011004	0.595686	-0.002451	0.610999	
0.016009	0.595624	0.003652	0.610314	
0.014315	0.595618	0.009154	0.610271	
0.013160	0.595629	0.009772	0.610325	
0.009387	0.595651	0.007288	0.610326	
0.008847	0.595664	0.003836	0.610050	
0.009463	0.595689	-0.003661	0.609701	
-0.003066	0.594953	-0.017137	0.608722	
-0.038375	0.592159	-0.036297	0.606735	
-0.084350	0.588468	-0.072239	0.603116	
-0.123748	0.585618	-0.106912	0.600467	
-0.161013	0.583172	-0.147542	0.597252	
-0.218635	0.579338	-0.192422	0.593776	
-0.271022	0.575688	-0.236965	0.590344	
-0.324718	0.571996	-0.284879	0.585953	
-0.372194	0.568764	-0.333191	0.581011	
-0.430793	0.564549	-0.398598	0.575642	
-0.476797	0.561234	-0.442864	0.571496	
-0.519290	0.558509	-0.485790	0.567585	
-0.555718	0.556248	-0.524769	0.563749	
-0.593368	0.553797	-0.558430	0.561452	
-0.620861	0.551787	-0.586637	0.559765	
-0.637286	0.550473	-0.608254	0.558031	
-0.641049	0.550195	-0.627269	0.555743	
-0.640665	0.550222	-0.633039	0.555126	
-0.640358	0.550243	-0.631448	0.555183	
-0.627296	0.551113	-0.622008	0.556248	
-0.598392	0.552770	-0.608979	0.557335	
-0.566024	0.554560	-0.593095	0.557857	
-0.548505	0.555689	-0.576748	0.558627	
-0.541669	0.556172	-0.556510	0.560320	
-0.537678	0.556490	-0.556510	0.560320	
-0.526093	0.557477	-0.556510	0.560320	
-0.510815	0.558654	-0.540795	0.561930	
-0.498753	0.559452	-0.534147	0.562568	
-0.500291	0.559371	-0.517933	0.564102	
-0.508289	0.558989	-0.519315	0.564133	
-0.524972	0.558052	-0.527782	0.563477	
-0.541883	0.557054	-0.536437	0.562767	
-0.554486	0.556271	-0.545566	0.562402	
-0.557252	0.556088	-0.554750	0.561685	
-0.559632	0.555906	-0.563963	0.560707	
-0.571920	0.555016	-0.573187	0.559722	
-0.592600	0.553845	-0.581049	0.559301	
-0.602060	0.553394	-0.588139	0.559301	
-0.599830	0.553517	-0.590860	0.559088	
-0.589150	0.554213	-0.587873	0.559377	
-0.569170	0.555477	-0.582874	0.559551	
-0.557947	0.556123	-0.577839	0.559591	
-0.559254	0.556049	-0.574093	0.559671	
-0.565527	0.555360	-0.573033	0.559801	
-0.575121	0.552867	-0.574000	0.559530	
-0.576762	0.552023	-0.577788	0.559306	
-0.575474	0.553546	-0.580850	0.558001	
-0.575064	0.554202	-0.582485	0.555279	
-0.577048	0.545974	-0.582586	0.551239	
-0.578491	0.537005	-0.582523	0.547938	
-0.578950	0.533182	-0.582982	0.544945	
-0.578839	0.534332	-0.583245	0.543423	
-0.578711	0.535867	-0.583049	0.545599	
-0.576964	0.560984	-0.582876	0.550681	
-0.576303	0.572593	-0.582667	0.545697	
-0.577163	0.559608	-0.582782	0.540090	
-0.579011	0.532027	-0.583753	0.525103	
-0.582044	0.488782	-0.584999	0.501229	
-0.584788	0.449763	-0.586266	0.470108	
-0.588193	0.401836	-0.588862	0.416199	
-0.592166	0.345612	-0.591042	0.371216	
-0.596435	0.285858	-0.593025	0.323132	
-0.600270	0.234334	-0.595956	0.273176	
-0.604823	0.173984	-0.598626	0.222801	
-0.608597	0.120062	-0.601577	0.175515	
-0.610901	0.082171	-0.603865	0.132949	
-0.612567	0.056121	-0.606059	0.081146	
-0.614843	0.021855	-0.607527	0.049198	
-0.617197	-0.010862	-0.608924	0.023666	
-0.618689	-0.029900	-0.610009	0.004631	
-0.618735	-0.030514	-0.610910	-0.009843	
-0.618735	-0.030514	-0.611256	-0.016861	
-0.618459	-0.026674	-0.611111	-0.015512	
-0.617263	-0.007307	-0.610850	-0.007926	
-0.615935	0.016371	-0.610225	0.004475	
-0.615261	0.027207	-0.609813	0.013629	
-0.615098	0.029512	-0.609429	0.023991	
-0.614783	0.034275	-0.609040	0.033277	
-0.614128	0.045344	-0.608834	0.041564	
-0.613237	0.060641	-0.608424	0.049950	
-0.612394	0.074629	-0.607827	0.057507	
-0.612326	0.075628	-0.607408	0.064572	
-0.612326	0.075628	-0.607429	0.067064	
-0.612386	0.074783	-0.607408	0.064660	
-0.613611	0.059200	-0.607783	0.058064	
-0.615110	0.040163	-0.608486	0.051203	
-0.616156	0.026343	-0.609238	0.044331	
-0.616063	0.027494	-0.609580	0.039857	
-0.615672	0.032407	-0.609571	0.037383	
-0.615075	0.040778	-0.609496	0.039688	
-0.614407	0.051615	-0.609251	0.042773	
-0.614262	0.053997	-0.608848	0.044949	
-0.614311	0.053152	-0.608858	0.045833	
-0.614395	0.051614	-0.608815	0.043507	
-0.615553	0.036876	-0.609192	0.036869


-0.616446	0.001022	-0.594689	0.000950	
-0.636773	0.001170	-0.595199	0.001723	
-0.624300	0.001227	-0.593858	0.002345	
-0.601277	0.001334	-0.583849	0.002512	
-0.566319	0.001312	-0.556746	0.002122	
-0.530516	0.000962	-0.527956	0.002094	
-0.485173	0.000013	-0.491995	0.002157	
-0.439056	-0.000663	-0.451962	0.002649	
-0.383463	-0.000982	-0.407616	0.002816	
-0.331720	-0.000776	-0.361824	0.003174	
-0.278746	-0.000244	-0.314178	0.003024	
-0.233087	0.000130	-0.250624	0.004003	
-0.181960	-0.000012	-0.204758	0.004635	
-0.134994	-0.000624	-0.160818	0.004925	
-0.084792	-0.001092	-0.120012	0.004584	
-0.051914	-0.001097	-0.085428	0.003670	
-0.036745	-0.000975	-0.056136	0.004319	
-0.025888	-0.000996	-0.032877	0.005219	
-0.013185	-0.001194	-0.010797	0.006020	
0.004363	-0.001708	0.000545	0.006352	
0.012522	-0.001948	0.006883	0.006504	
0.010058	-0.001904	0.009779	0.006229	
0.001819	-0.001870	0.006714	0.005978	
-0.018200	-0.001966	-0.000763	0.005584	
-0.038759	-0.002065	-0.010331	0.005136	
-0.052080	-0.002103	-0.022681	0.004834	
-0.053543	-0.002107	-0.032159	0.004512	
-0.053620	-0.002107	-0.039339	0.004321	
-0.059164	-0.002115	-0.045391	0.004137	
-0.071792	-0.002192	-0.049689	0.004007	
-0.080877	-0.002275	-0.051484	0.004062	
-0.075564	-0.002234	-0.049615	0.004418	
-0.054852	-0.002208	-0.043392	0.004228	
-0.032445	-0.002362	-0.031731	0.004585	
-0.024207	-0.002473	-0.022958	0.004671	
-0.023437	-0.002480	-0.012526	0.004787	
-0.018741	-0.002570	-0.003663	0.004954	
-0.003496	-0.002780	0.005305	0.005051	
0.016677	-0.002894	0.013469	0.005183	
0.022067	-0.002911	0.019113	0.005413	
0.020758	-0.002916	0.024896	0.005494	
0.018679	-0.002952	0.023526	0.005253	
0.006746	-0.003118	0.018649	0.004977	
-0.010425	-0.003119	0.012804	0.004818	
-0.022436	-0.002990	0.007458	0.004637	
-0.021820	-0.002996	0.004291	0.004523	
-0.013352	-0.002876	0.004490	0.004489	
0.002270	-0.000790	0.006905	0.004955	
0.007430	0.000976	0.011801	0.004805	
0.006003	-0.000309	0.016376	0.004716	
0.004411	-0.002569	0.019668	0.005689	
0.004638	-0.001506	0.021453	0.008274	
0.006311	0.006873	0.022621	0.012498	
0.007147	0.013673	0.023512	0.017953	
0.007604	0.020819	0.024416	0.027782	
0.008274	0.036359	0.024939	0.035898	
0.008711	0.050982	0.025421	0.042584	
0.008394	0.039359	0.025709	0.047115	
0.008205	0.033896	0.025540	0.056974	
0.008906	0.051129	0.026094	0.069296	
0.009839	0.080760	0.026383	0.086091	
0.011169	0.117464	0.026527	0.117723	
0.012729	0.150460	0.027059	0.136754	
0.015053	0.191281	0.028002	0.181106	
0.016557	0.231522	0.029494	0.216824	
0.017247	0.274020	0.030422	0.255206	
0.017908	0.312976	0.030550	0.295872	
0.019838	0.367765	0.030323	0.337729	
0.022316	0.416674	0.030970	0.389101	
0.023671	0.445825	0.032318	0.425484	
0.024234	0.468148	0.033498	0.461722	
0.025569	0.513326	0.033303	0.495034	
0.027307	0.551478	0.034251	0.522140	
0.027876	0.564864	0.035099	0.545703	
0.028025	0.569482	0.035366	0.566560	
0.028547	0.582947	0.035212	0.587437	
0.029488	0.601634	0.035497	0.597216	
0.029995	0.610551	0.035471	0.602274	
0.029691	0.604245	0.035791	0.603630	
0.029092	0.588779	0.035800	0.599183	
0.028515	0.570462	0.035776	0.590469	
0.027868	0.551146	0.035668	0.579570	
0.027233	0.538457	0.035849	0.564822	
0.026885	0.532539	0.035308	0.555928	
0.026853	0.531924	0.035037	0.548944	
0.026808	0.531078	0.034941	0.543531	
0.026409	0.524468	0.034673	0.538927	
0.025827	0.513935	0.034577	0.535926	
0.025527	0.508168	0.034348	0.535243	
0.025857	0.513933	0.034399	0.538181	
0.026927	0.536160	0.034637	0.549407	
0.027746	0.561094	0.035412	0.559448	
0.028070	0.572871	0.035458	0.570605	
0.028120	0.574102	0.035258	0.583485	
0.028532	0.581945	0.035354	0.594507	
0.029455	0.600710	0.035677	0.604503	
0.030309	0.618168	0.036013	0.614913	
0.030449	0.621091	0.036253	0.620409	
0.030409	0.620245	0.036289	0.622555	
0.030121	0.612242	0.036310	0.619234	
0.029570	0.594926	0.036183	0.613660	
0.029033	0.578457	0.036109	0.606850	
0.028868	0.574068	0.035907	0.601036	
0.028119	0.578855	0.035539	0.595887	
0.029426	0.576246	0.036495	0.592630	
0.031651	0.573706	0.036951	0.593250	
0.030793	0.574069	0.035546	0.594434	
0.022989	0.576425	0.031849	0.595811	
0.008949	0.578791	0.026362	0.596789	
0.000425	0.579377	0.020058	0.598066	
-0.003502	0.579411	0.013254	0.598775	
-0.005658	0.579387	0.004673	0.598809	
-0.010816	0.579416	-0.000671	0.598773	
-0.010970	0.579418	-0.005691	0.598672	
-0.011201	0.579422	-0.013363	0.598624	
-0.020746	0.579673	-0.025419	0.598494	
-0.054461	0.580530	-0.042316	0.598643	
-0.087787	0.581515	-0.064438	0.598894	
-0.118105	0.582619	-0.102105	0.599249	
-0.157738	0.583950	-0.135940	0.600356	
-0.198380	0.584993	-0.170336	0.601139	
-0.238641	0.585892	-0.207785	0.601526	
-0.276357	0.586922	-0.248565	0.601612	
-0.335151	0.588914	-0.291601	0.601915	
-0.387248	0.590732	-0.332544	0.601664	
-0.419110	0.591719	-0.384658	0.602366	
-0.444900	0.592208	-0.423826	0.602930	
-0.490474	0.593141	-0.459255	0.602714	
-0.535718	0.594835	-0.490618	0.602866	
-0.559723	0.595776	-0.517101	0.603050	
-0.564111	0.595878	-0.540721	0.603507	
-0.574197	0.596050	-0.559687	0.603405	
-0.590361	0.596469	-0.576736	0.603369	
-0.608447	0.597047	-0.584870	0.603662	
-0.609139	0.597077	-0.587470	0.604105	
-0.599517	0.596850	-0.586049	0.604094	
-0.579353	0.596227	-0.578112	0.603901	
-0.552657	0.595110	-0.566616	0.603391	
-0.531736	0.594135	-0.553970	0.602760	
-0.526582	0.593919	-0.539597	0.602513	
-0.526658	0.593922	-0.532249	0.602254	
-0.526658	0.593922	-0.529624	0.602294	
-0.526735	0.593925	-0.530891	0.602258	
-0.532968	0.594155	-0.535987	0.602329	
-0.554517	0.594838	-0.543024	0.602352	
-0.568371	0.595239	-0.548602	0.602615	
-0.566524	0.595192	-0.554923	0.602942	
-0.563137	0.595110	-0.556617	0.602807	
-0.558134	0.594961	-0.555010	0.602775	
-0.551979	0.594734	-0.552189	0.602626	
-0.544364	0.594384	-0.549622	0.602490	
-0.541365	0.594230	-0.548811	0.602567	
-0.542134	0.594271	-0.549799	0.602490	
-0.551511	0.594821	-0.554591	0.602660	
-0.569055	0.595475	-0.565788	0.602844	
-0.589688	0.595752	-0.576126	0.603161	
-0.603933	0.595839	-0.586196	0.603328	
-0.606628	0.595877	-0.594184	0.603356	
-0.608707	0.595888	-0.600346	0.603131	
-0.607113	0.596137	-0.602619	0.603440	
-0.606016	0.596687	-0.603088	0.603880	
-0.603888	0.598790	-0.602165	0.606291	
-0.601436	0.603050	-0.601347	0.608795	
-0.599462	0.609758	-0.600659	0.611699	
-0.599136	0.611966	-0.600383	0.613941	
-0.599259	0.610122	-0.600141	0.615605	
-0.599293	0.609584	-0.600243	0.616892	
-0.599293	0.609584	-0.600168	0.617185	
-0.599252	0.610276	-0.600077	0.617549	
-0.599106	0.621129	-0.600170	0.617322	
-0.599429	0.628822	-0.598967	0.612217	
-0.598988	0.616356	-0.597746	0.600885	
-0.598426	0.578554	-0.598289	0.582991	
-0.598195	0.541903	-0.597080	0.556921	
-0.597977	0.497013	-0.595810	0.522189	
-0.597082	0.450206	-0.593869	0.482224	
-0.595437	0.388782	-0.591327	0.422036	
-0.593987	0.332899	-0.589439	0.376133	
-0.593311	0.286165	-0.587033	0.330120	
-0.593015	0.250747	-0.585134	0.283203	
-0.592586	0.206320	-0.583466	0.236985	
-0.591379	0.146427	-0.581882	0.193352	
-0.590037	0.101325	-0.580867	0.151208	
-0.589041	0.061529	-0.579099	0.109638	
-0.588837	0.027265	-0.575997	0.060226	
-0.588954	-0.008847	-0.575318	0.029011	
-0.588769	-0.033871	-0.575530	0.004131	
-0.588476	-0.046727	-0.575023	-0.014551	
-0.588471	-0.046958	-0.575040	-0.026744	
-0.588468	-0.047035	-0.574569	-0.032647	
-0.588471	-0.046958	-0.574587	-0.032209	
-0.588796	-0.036799	-0.575357	-0.022041	
-0.589191	-0.012086	-0.575331	-0.010877	
-0.589175	0.015788	-0.575428	0.003957	
-0.589167	0.035885	-0.575827	0.019717	
-0.589286	0.045663	-0.575911	0.034366	
-0.589575	0.054899	-0.576475	0.049141	
-0.590037	0.068134	-0.577217	0.061793	
-0.590435	0.083452	-0.578222	0.076286	
-0.590643	0.097696	-0.578875	0.084525	
-0.590652	0.098851	-0.579062	0.089525	
-0.590652	0.098774	-0.579236	0.091438	
-0.590584	0.091151	-0.579083	0.087230	
-0.590386	0.071132	-0.578684	0.080117	
-0.590368	0.050342	-0.578250	0.072035	
-0.590378	0.046646	-0.577963	0.064139	
-0.590380	0.048571	-0.577837	0.054763	
-0.590380	0.048417	-0.577606	0.050587	
-0.590380	0.048340	-0.577451	0.047228	
-0.590354	0.044259	-0.577279	0.042612	
-0.590211	0.030631	-0.577139	0.037199	
-0.590018	0.017696	-0.576988	0.031934	
-0.589875	0.009998	-0.577020	0.025988	
