-0.525662	-0.005951	-0.520746	-0.005906	
-0.542293	-0.005829	-0.514218	-0.005189	
-0.538905	-0.005813	-0.503631	-0.004400	
-0.518269	-0.005719	-0.492080	-0.003375	
-0.483389	-0.005568	-0.473621	-0.001952	
-0.449740	-0.005405	-0.440978	-0.000090	
-0.417940	-0.005343	-0.410245	0.001648	
-0.386293	-0.005490	-0.374654	0.003933	
-0.331469	-0.005467	-0.334849	0.007093	
-0.276339	-0.005104	-0.292445	0.010072	
-0.224521	-0.004527	-0.248139	0.012559	
-0.184793	-0.003953	-0.204798	0.014743	
-0.141443	-0.003714	-0.145177	0.019081	
-0.091856	-0.003709	-0.103942	0.022566	
-0.043424	-0.004015	-0.066522	0.024896	
-0.017783	-0.004092	-0.034469	0.027560	
0.003545	-0.003909	-0.004419	0.029591	
0.025642	-0.003611	0.018357	0.031326	
0.041733	-0.003383	0.035467	0.032848	
0.047662	-0.003322	0.046957	0.033559	
0.047046	-0.003329	0.053977	0.034209	
0.044813	-0.003371	0.051840	0.033920	
0.030108	-0.003617	0.043563	0.033187	
0.003621	-0.003856	0.032657	0.032693	
-0.019324	-0.003953	0.019766	0.032121	
-0.032260	-0.003949	0.006847	0.031332	
-0.035648	-0.003930	-0.006173	0.030555	
-0.044272	-0.003826	-0.022989	0.029417	
-0.064214	-0.003714	-0.033987	0.028739	
-0.084773	-0.003604	-0.043556	0.027851	
-0.088161	-0.003575	-0.050056	0.027307	
-0.086005	-0.003581	-0.053641	0.027283	
-0.076919	-0.003556	-0.050659	0.027485	
-0.058285	-0.003452	-0.041237	0.028335	
-0.040344	-0.003478	-0.032301	0.029444	
-0.029796	-0.003578	-0.024510	0.030117	
-0.031413	-0.003570	-0.018870	0.030392	
-0.032029	-0.003571	-0.016647	0.030482	
-0.035340	-0.003585	-0.018868	0.030259	
-0.047121	-0.003557	-0.023689	0.030033	
-0.063598	-0.003369	-0.028627	0.029710	
-0.069911	-0.003261	-0.032204	0.029142	
-0.066293	-0.003361	-0.031793	0.029133	
-0.051974	-0.003635	-0.025787	0.029575	
-0.029798	-0.003561	-0.016757	0.030610	
-0.013253	-0.003862	-0.006490	0.031271	
-0.001130	-0.006291	0.004175	0.032368	
0.004380	-0.009166	0.013569	0.032755	
0.006967	-0.011885	0.022048	0.031757	
0.006039	-0.009435	0.025427	0.031400	
0.004153	-0.002054	0.027611	0.030433	
0.004083	-0.001754	0.028325	0.027912	
0.005438	-0.010426	0.029108	0.024716	
0.006968	-0.024278	0.029846	0.019864	
0.007853	-0.036797	0.030653	0.015361	
0.007424	-0.029417	0.031108	0.012346	
0.006158	-0.011444	0.032205	0.006803	
0.006714	-0.019278	0.033842	-0.002509	
0.008802	-0.049467	0.035367	-0.015799	
0.010844	-0.081048	0.038263	-0.035658	
0.012552	-0.109409	0.041509	-0.062151	
0.014800	-0.145221	0.045717	-0.094557	
0.017892	-0.191163	0.052329	-0.145153	
0.021997	-0.251700	0.058513	-0.187316	
0.025494	-0.303325	0.065312	-0.232520	
0.028648	-0.354741	0.071930	-0.279423	
0.031056	-0.398488	0.078428	-0.326235	
0.033958	-0.450458	0.083965	-0.372041	
0.037332	-0.501166	0.089692	-0.415142	
0.040304	-0.543334	0.095328	-0.454846	
0.042261	-0.570985	0.103327	-0.502293	
0.044291	-0.600251	0.107807	-0.530029	
0.045541	-0.618689	0.111187	-0.550742	
0.045826	-0.622606	0.112996	-0.565431	
0.045838	-0.622759	0.114211	-0.574398	
0.045838	-0.622759	0.114600	-0.576310	
0.045675	-0.620609	0.113938	-0.572170	
0.044242	-0.601104	0.111969	-0.558202	
0.041845	-0.567927	0.110379	-0.545729	
0.040836	-0.553023	0.108811	-0.534404	
0.040769	-0.552024	0.106672	-0.521247	
0.040404	-0.547187	0.104888	-0.509302	
0.038711	-0.524458	0.102966	-0.498378	
0.037533	-0.506016	0.101813	-0.490544	
0.037505	-0.505554	0.100800	-0.484504	
0.037985	-0.512931	0.100857	-0.484339	
0.039036	-0.527755	0.101716	-0.489291	
0.040149	-0.543191	0.102792	-0.496562	
0.041058	-0.556558	0.104238	-0.504294	
0.041077	-0.556866	0.105128	-0.510436	
0.041040	-0.556405	0.105728	-0.514839	
0.041040	-0.556405	0.105920	-0.516035	
0.040938	-0.555100	0.105481	-0.513184	
0.040200	-0.543343	0.104793	-0.508784	
0.039433	-0.528810	0.104425	-0.505236	
0.039223	-0.524503	0.104089	-0.504719	
0.039800	-0.535113	0.104502	-0.507853	
0.041193	-0.555007	0.106137	-0.515531	
0.043111	-0.579109	0.107796	-0.526487	
0.044237	-0.593696	0.110155	-0.541574	
0.044594	-0.599922	0.112099	-0.553433	
0.044085	-0.610213	0.113824	-0.562664	
0.042116	-0.616905	0.114694	-0.569133	
0.040093	-0.619504	0.115656	-0.574617	
0.041895	-0.618615	0.116718	-0.578108	
0.052222	-0.615073	0.118295	-0.579905	
0.056586	-0.614129	0.117588	-0.581065	
0.049411	-0.615082	0.115972	-0.581206	
0.039213	-0.616002	0.112749	-0.581725	
0.028060	-0.616494	0.109036	-0.582245	
0.025288	-0.616531	0.107314	-0.582794	
0.046617	-0.616456	0.108757	-0.582895	
0.059552	-0.616376	0.105359	-0.583444	
0.049390	-0.616521	0.097688	-0.584503	
0.024058	-0.616742	0.084246	-0.585533	
-0.009052	-0.616952	0.063373	-0.587028	
-0.051708	-0.617264	0.035441	-0.588843	
-0.086434	-0.617585	0.005232	-0.591078	
-0.115693	-0.617562	-0.030195	-0.594486	
-0.157889	-0.617417	-0.069449	-0.598017	
-0.210245	-0.617990	-0.125634	-0.602306	
-0.267219	-0.618797	-0.174951	-0.607060	
-0.327351	-0.619568	-0.229243	-0.612203	
-0.398726	-0.620304	-0.285622	-0.616841	
-0.458168	-0.620824	-0.341057	-0.623255	
-0.518144	-0.621711	-0.402101	-0.628453	
-0.572340	-0.622809	-0.476403	-0.634959	
-0.637554	-0.623589	-0.538118	-0.641842	
-0.714781	-0.624416	-0.595457	-0.647867	
-0.787841	-0.625755	-0.647864	-0.652423	
-0.827794	-0.626602	-0.692421	-0.656839	
-0.849276	-0.626841	-0.726953	-0.661593	
-0.856822	-0.626843	-0.744660	-0.664329	
-0.845657	-0.626813	-0.744827	-0.664525	
-0.798845	-0.626248	-0.720864	-0.660784	
-0.750187	-0.625481	-0.688934	-0.657585	
-0.695139	-0.624592	-0.645242	-0.653933	
-0.634856	-0.623640	-0.594085	-0.649390	
-0.558243	-0.623177	-0.538628	-0.643874	
-0.492101	-0.622765	-0.481531	-0.639068	
-0.428426	-0.622095	-0.423929	-0.635293	
-0.372687	-0.621129	-0.352318	-0.630203	
-0.321643	-0.620246	-0.307973	-0.625025	
-0.292927	-0.619755	-0.270738	-0.621540	
-0.275683	-0.619371	-0.242354	-0.619268	
-0.263829	-0.619053	-0.223495	-0.617934	
-0.258826	-0.618933	-0.214591	-0.617195	
-0.260289	-0.618962	-0.215173	-0.617211	
-0.284307	-0.619472	-0.226783	-0.618427	
-0.330036	-0.620369	-0.253063	-0.620283	
-0.366530	-0.620875	-0.279084	-0.622110	
-0.392941	-0.620955	-0.310123	-0.625647	
-0.428127	-0.621419	-0.345825	-0.628577	
-0.478320	-0.622468	-0.381929	-0.631484	
-0.521273	-0.623504	-0.419627	-0.634471	
-0.570925	-0.624632	-0.476590	-0.639730	
-0.628821	-0.625557	-0.516855	-0.643106	
-0.667626	-0.626063	-0.552858	-0.646581	
-0.689260	-0.626420	-0.585844	-0.649473	
-0.706735	-0.626809	-0.612481	-0.651844	
-0.724206	-0.627320	-0.632666	-0.653881	
-0.738059	-0.627764	-0.645528	-0.654314	
-0.739675	-0.627816	-0.652666	-0.655152	
-0.739213	-0.627800	-0.653962	-0.655232	
-0.717196	-0.627375	-0.652332	-0.655035	
-0.687015	-0.626927	-0.652332	-0.655035	
-0.667538	-0.626529	-0.638960	-0.654163	
-0.661688	-0.626399	-0.605264	-0.652073	
-0.645291	-0.626031	-0.580232	-0.649531	
-0.608258	-0.625638	-0.561761	-0.647650	
-0.585833	-0.627711	-0.539129	-0.645654	
-0.570521	-0.633618	-0.522123	-0.645616	
-0.562077	-0.640263	-0.509660	-0.648857	
-0.561380	-0.640617	-0.502461	-0.652105	
-0.563593	-0.634635	-0.497907	-0.655079	
-0.563889	-0.633828	-0.496212	-0.659015	
-0.563083	-0.643418	-0.495776	-0.664558	
-0.562654	-0.656422	-0.495399	-0.670296	
-0.562957	-0.667966	-0.495066	-0.676169	
-0.563278	-0.672807	-0.494731	-0.680202	
-0.563361	-0.673882	-0.494464	-0.682325	
-0.563499	-0.676110	-0.494667	-0.679892	
-0.563338	-0.673420	-0.495018	-0.670354	
-0.560961	-0.636537	-0.495258	-0.643535	
-0.557993	-0.587886	-0.495411	-0.616060	
-0.555549	-0.547304	-0.495785	-0.577599	
-0.551916	-0.487894	-0.496100	-0.531667	
-0.548057	-0.424564	-0.496725	-0.481012	
-0.544155	-0.360927	-0.497920	-0.426406	
-0.540910	-0.305737	-0.498100	-0.369859	
-0.537835	-0.245602	-0.498747	-0.288543	
-0.533765	-0.168324	-0.500764	-0.228241	
-0.529606	-0.097607	-0.502420	-0.167728	
-0.526326	-0.042187	-0.502395	-0.110048	
-0.523400	0.016105	-0.503539	-0.049433	
-0.520029	0.084167	-0.504437	0.003041	
-0.517197	0.134676	-0.506280	0.049375	
-0.515728	0.161817	-0.507118	0.097679	
-0.515379	0.169278	-0.507747	0.122031	
-0.515072	0.176201	-0.508014	0.135438	
-0.514975	0.178355	-0.507910	0.137529	
-0.515514	0.166818	-0.507664	0.129939	
-0.517420	0.131681	-0.507640	0.113048	
-0.520350	0.083182	-0.507342	0.078113	
-0.523112	0.040074	-0.506506	0.045314	
-0.525904	-0.001335	-0.506294	0.008893	
-0.527843	-0.036933	-0.506070	-0.028975	
-0.529403	-0.075709	-0.505041	-0.066656	
-0.531500	-0.128181	-0.504268	-0.103315	
-0.533384	-0.163628	-0.503485	-0.135381	
-0.534571	-0.184384	-0.502809	-0.164686	
-0.535430	-0.198911	-0.502255	-0.195939	
-0.536514	-0.214196	-0.501691	-0.212928	
-0.537716	-0.230707	-0.501439	-0.223394	
-0.537912	-0.233704	-0.501478	-0.228463	
-0.537692	-0.230014	-0.501879	-0.227523	
-0.536341	-0.204332	-0.501878	-0.218410	
-0.535011	-0.176258	-0.502581	-0.206375	
-0.533889	-0.154651	-0.503493	-0.184054	
-0.533286	-0.143194	-0.503805	-0.164530	
-0.532469	-0.125502	-0.504228	-0.143603	
-0.531012	-0.094274	-0.505211	-0.121375	
-0.529220	-0.055508	-0.505579	-0.098799	
-0.528020	-0.028816	-0.505411	-0.076690	
-0.527682	-0.021355	-0.505804	-0.057437	


-0.589733	-0.008582	-0.580043	-0.008593	
-0.613679	-0.008534	-0.579077	-0.008472	
-0.609983	-0.008531	-0.575356	-0.008223	
-0.583649	-0.008542	-0.565292	-0.008243	
-0.554620	-0.008519	-0.548683	-0.008139	
-0.524514	-0.008618	-0.512912	-0.007366	
-0.486477	-0.008836	-0.477361	-0.007237	
-0.424030	-0.008713	-0.437189	-0.006739	
-0.368822	-0.008399	-0.394359	-0.006226	
-0.322700	-0.008172	-0.348491	-0.005015	
-0.283430	-0.008071	-0.299118	-0.004422	
-0.222524	-0.007789	-0.250311	-0.004121	
-0.162620	-0.007345	-0.188844	-0.003750	
-0.114804	-0.007064	-0.145461	-0.003641	
-0.082849	-0.006954	-0.102814	-0.002524	
-0.046582	-0.006754	-0.066804	-0.001675	
-0.013935	-0.006725	-0.036532	-0.001045	
0.009242	-0.006863	-0.013098	-0.000595	
0.011167	-0.006869	0.003906	-0.000334	
0.011552	-0.006867	0.018110	-0.000030	
0.011552	-0.006867	0.021938	0.000145	
0.011475	-0.006868	0.021971	0.000130	
0.011475	-0.006868	0.018578	-0.000014	
0.004545	-0.006891	0.010846	-0.000248	
-0.023714	-0.006925	0.000521	-0.000420	
-0.048200	-0.006962	-0.010065	-0.000567	
-0.054437	-0.006972	-0.024417	-0.000702	
-0.054514	-0.006972	-0.034752	-0.001004	
-0.054668	-0.006972	-0.042137	-0.001136	
-0.066295	-0.006992	-0.049763	-0.001326	
-0.083851	-0.006999	-0.054399	-0.001393	
-0.088317	-0.006996	-0.057256	-0.001280	
-0.083466	-0.007062	-0.057601	-0.001277	
-0.072533	-0.007133	-0.049653	-0.001324	
-0.050666	-0.006896	-0.039522	-0.001064	
-0.028953	-0.006660	-0.027722	-0.000583	
-0.013477	-0.006605	-0.016843	-0.000349	
-0.012630	-0.006607	-0.008591	-0.000106	
-0.012630	-0.006607	-0.002821	0.000018	
-0.012630	-0.006607	-0.001467	0.000106	
-0.016403	-0.006627	-0.005170	-0.000042	
-0.029415	-0.006727	-0.009680	-0.000167	
-0.044815	-0.006807	-0.013562	-0.000171	
-0.046894	-0.006809	-0.015288	-0.000188	
-0.042428	-0.006832	-0.014856	-0.000046	
-0.025566	-0.006978	-0.009267	-0.000097	
-0.003002	-0.009254	-0.002655	-0.000270	
0.004224	-0.011835	0.006391	0.000657	
0.002469	-0.009984	0.012528	0.001706	
-0.001387	-0.004337	0.016790	0.000935	
-0.002411	-0.002346	0.018555	-0.001573	
-0.000148	-0.010984	0.019291	-0.006064	
0.002074	-0.025049	0.020062	-0.011856	
0.003536	-0.041846	0.021602	-0.019165	
0.003966	-0.049303	0.022197	-0.026282	
0.003872	-0.047766	0.022309	-0.029007	
0.002310	-0.024101	0.022276	-0.028199	
0.001445	-0.011966	0.023387	-0.031617	
0.002368	-0.025101	0.024184	-0.039369	
0.005389	-0.065799	0.025218	-0.053979	
0.007772	-0.098668	0.026281	-0.074086	
0.009419	-0.122481	0.029652	-0.111428	
0.011739	-0.157285	0.030596	-0.122951	
0.015243	-0.208524	0.036372	-0.185108	
0.019299	-0.267444	0.040780	-0.227655	
0.023100	-0.322522	0.044663	-0.276059	
0.027359	-0.381349	0.048887	-0.325958	
0.030307	-0.421667	0.052877	-0.373389	
0.033484	-0.467448	0.060620	-0.442069	
0.038450	-0.538037	0.065397	-0.489791	
0.042595	-0.593707	0.068644	-0.533803	
0.044985	-0.624878	0.072710	-0.574520	
0.046498	-0.646770	0.077073	-0.610383	
0.048485	-0.677737	0.079625	-0.637497	
0.049981	-0.699323	0.081142	-0.655960	
0.050167	-0.701780	0.081941	-0.667067	
0.049512	-0.693103	0.082151	-0.667961	
0.047517	-0.666922	0.081130	-0.658179	
0.045435	-0.640594	0.079516	-0.643402	
0.043144	-0.614128	0.077604	-0.624339	
0.041214	-0.591727	0.074712	-0.602920	
0.039357	-0.569706	0.071959	-0.580353	
0.036848	-0.539086	0.069779	-0.557423	
0.035085	-0.514355	0.067522	-0.531854	
0.034390	-0.504369	0.066303	-0.514451	
0.033939	-0.497994	0.064818	-0.499681	
0.033118	-0.486319	0.063767	-0.489087	
0.032288	-0.474567	0.063139	-0.481727	
0.031795	-0.467192	0.062577	-0.477991	
0.032037	-0.471497	0.062478	-0.478485	
0.032919	-0.485946	0.063601	-0.488001	
0.034757	-0.510208	0.064974	-0.499685	
0.036928	-0.535834	0.066345	-0.514418	
0.038763	-0.556388	0.067269	-0.529101	
0.039145	-0.560683	0.068918	-0.542292	
0.039298	-0.562757	0.070509	-0.554428	
0.040186	-0.574350	0.071783	-0.565160	
0.041814	-0.594690	0.072553	-0.573682	
0.042577	-0.603975	0.072923	-0.581365	
0.042439	-0.602210	0.073284	-0.584337	
0.041741	-0.592301	0.073154	-0.581434	
0.041694	-0.572839	0.073018	-0.576924	
0.043163	-0.564749	0.073497	-0.572391	
0.042639	-0.565338	0.073570	-0.567992	
0.039758	-0.568101	0.073845	-0.566035	
0.035128	-0.570677	0.073607	-0.566978	
0.033605	-0.571221	0.072568	-0.568337	
0.038863	-0.570470	0.071195	-0.569440	
0.039552	-0.570395	0.069011	-0.569750	
0.036637	-0.570647	0.065903	-0.570201	
0.023866	-0.571109	0.060598	-0.570569	
0.010164	-0.570832	0.054970	-0.570644	
0.016090	-0.570990	0.050470	-0.570777	
0.018631	-0.570979	0.047433	-0.570784	
0.010777	-0.571016	0.047433	-0.570784	
-0.021563	-0.570978	0.034559	-0.571523	
-0.065221	-0.571045	0.025483	-0.571865	
-0.099101	-0.571179	-0.045959	-0.572634	
-0.133982	-0.571059	-0.081525	-0.573820	
-0.177101	-0.570820	-0.136305	-0.575298	
-0.240164	-0.570830	-0.181145	-0.576888	
-0.295756	-0.571172	-0.228317	-0.578299	
-0.347419	-0.571814	-0.277708	-0.579174	
-0.395388	-0.572173	-0.328952	-0.581321	
-0.458682	-0.571954	-0.378642	-0.583406	
-0.514889	-0.571410	-0.424430	-0.585271	
-0.550616	-0.571338	-0.478422	-0.585595	
-0.571862	-0.571800	-0.514651	-0.586204	
-0.600803	-0.572624	-0.544238	-0.587345	
-0.630366	-0.573112	-0.566801	-0.588364	
-0.644996	-0.573109	-0.582000	-0.589645	
-0.644072	-0.573113	-0.591133	-0.590152	
-0.632600	-0.573001	-0.590613	-0.589741	
-0.606422	-0.572684	-0.580420	-0.589200	
-0.583476	-0.572502	-0.569839	-0.589011	
-0.579781	-0.572460	-0.558905	-0.589021	
-0.578472	-0.572440	-0.546352	-0.588474	
-0.562611	-0.572214	-0.533967	-0.587899	
-0.540206	-0.571935	-0.523282	-0.587892	
-0.521805	-0.571684	-0.512802	-0.587960	
-0.518340	-0.571636	-0.504197	-0.587999	
-0.519264	-0.571646	-0.498122	-0.587795	
-0.521728	-0.571665	-0.500461	-0.587856	
-0.536049	-0.571871	-0.506879	-0.588083	
-0.554910	-0.572244	-0.514874	-0.588133	
-0.572000	-0.572595	-0.523281	-0.588167	
-0.573540	-0.572620	-0.529380	-0.588246	
-0.573386	-0.572617	-0.533580	-0.588526	
-0.566842	-0.572520	-0.530787	-0.588323	
-0.550983	-0.572211	-0.526451	-0.588366	
-0.538051	-0.571878	-0.522157	-0.588430	
-0.536358	-0.571836	-0.519675	-0.588589	
-0.538513	-0.571876	-0.520475	-0.588660	
-0.556068	-0.572082	-0.526581	-0.588777	
-0.577628	-0.572232	-0.534804	-0.588746	
-0.594644	-0.572331	-0.546719	-0.588542	
-0.595260	-0.572332	-0.553662	-0.588435	
-0.592566	-0.572333	-0.558458	-0.588592	
-0.591886	-0.572454	-0.560895	-0.589291	
-0.592011	-0.572362	-0.562086	-0.590154	
-0.592345	-0.572045	-0.562979	-0.590423	
-0.592505	-0.571783	-0.563650	-0.590452	
-0.592388	-0.572388	-0.564241	-0.590453	
-0.592335	-0.572769	-0.564176	-0.590883	
-0.592272	-0.573614	-0.563892	-0.592801	
-0.592151	-0.575612	-0.563526	-0.596022	
-0.592016	-0.579845	-0.563142	-0.600475	
-0.592045	-0.596784	-0.562699	-0.606893	
-0.592416	-0.620805	-0.562175	-0.610543	
-0.592412	-0.619419	-0.562975	-0.608418	
-0.592305	-0.596627	-0.563304	-0.596332	
-0.592244	-0.563517	-0.564251	-0.577275	
-0.592162	-0.526403	-0.565184	-0.548272	
-0.592139	-0.483668	-0.566234	-0.510840	
-0.592210	-0.425149	-0.567246	-0.467030	
-0.592313	-0.362317	-0.569407	-0.416891	
-0.592651	-0.290785	-0.570760	-0.342970	
-0.592786	-0.227876	-0.573148	-0.285462	
-0.592657	-0.167355	-0.574647	-0.228881	
-0.592781	-0.110144	-0.576180	-0.172273	
-0.593115	-0.048083	-0.578583	-0.119347	
-0.593168	0.001505	-0.580375	-0.072856	
-0.593251	0.032459	-0.581230	-0.033235	
-0.593466	0.052092	-0.582740	0.010851	
-0.593701	0.077578	-0.583525	0.034906	
-0.593821	0.098676	-0.584133	0.051444	
-0.593848	0.102988	-0.584427	0.060778	
-0.593775	0.098291	-0.584565	0.062937	
-0.593463	0.079121	-0.584032	0.055871	
-0.593024	0.047939	-0.583655	0.043635	
-0.592678	0.023532	-0.583230	0.023723	
-0.592446	0.012678	-0.582725	0.006557	
-0.592065	0.000287	-0.581265	-0.011883	
-0.591647	-0.023502	-0.579905	-0.031328	
-0.591559	-0.053763	-0.579582	-0.050242	
-0.591565	-0.081328	-0.579148	-0.069199	
-0.591532	-0.096343	-0.578547	-0.086957	
-0.591515	-0.106430	-0.577870	-0.102508	
-0.591574	-0.115208	-0.577350	-0.118735	
-0.591718	-0.123754	-0.577021	-0.126525	
-0.591795	-0.127757	-0.576848	-0.130672	
-0.591791	-0.127449	-0.576810	-0.130842	
-0.591738	-0.121058	-0.576963	-0.125187	
-0.592187	-0.091033	-0.577729	-0.115083	
-0.592810	-0.070329	-0.578172	-0.105109	
-0.592921	-0.066789	-0.579337	-0.090474	
-0.592931	-0.066404	-0.580263	-0.079220	
-0.593121	-0.056242	-0.580950	-0.068110	
-0.593337	-0.033374	-0.581349	-0.059062	
-0.593471	-0.018822	-0.581284	-0.050849	
-0.593485	-0.017898	-0.581418	-0.042814	

-0.641675	-0.010363	-0.628076	-0.010522	
-0.657152	-0.010297	-0.630619	-0.010037	
-0.643138	-0.010322	-0.625655	-0.009901	
-0.606332	-0.010235	-0.605936	-0.009517	
-0.569526	-0.010190	-0.580490	-0.009322	
-0.534262	-0.010475	-0.546054	-0.008812	
-0.479062	-0.011488	-0.503832	-0.007647	
-0.420624	-0.012148	-0.458336	-0.007052	
-0.360179	-0.012192	-0.390779	-0.006570	
-0.300197	-0.011820	-0.355676	-0.005680	
-0.247145	-0.011891	-0.285059	-0.003878	
-0.187472	-0.012314	-0.232825	-0.003119	
-0.135728	-0.012157	-0.183863	-0.002877	
-0.086762	-0.011446	-0.137186	-0.002082	
-0.048186	-0.011277	-0.096477	-0.000958	
-0.016926	-0.011609	-0.062116	0.000412	
0.002246	-0.011874	-0.034935	0.001922	
0.010022	-0.011922	-0.009046	0.002613	
0.016952	-0.011916	0.003414	0.002897	
0.024344	-0.011869	0.009970	0.003138	
0.026808	-0.011853	0.011063	0.003023	
0.020879	-0.011881	0.006674	0.002822	
-0.001759	-0.011910	-0.002999	0.002653	
-0.027708	-0.011901	-0.016016	0.002144	
-0.052886	-0.011817	-0.037583	0.001061	
-0.067208	-0.011706	-0.053349	0.000548	
-0.078373	-0.011690	-0.068646	0.000240	
-0.089152	-0.011801	-0.081319	-0.000127	
-0.101932	-0.012051	-0.092984	-0.000447	
-0.116559	-0.012338	-0.102726	-0.000676	
-0.126030	-0.012348	-0.110652	-0.000844	
-0.127492	-0.012329	-0.116705	-0.001113	
-0.127492	-0.012329	-0.117082	-0.001114	
-0.122488	-0.012414	-0.111672	-0.001098	
-0.102238	-0.012394	-0.102440	-0.000887	
-0.077524	-0.011991	-0.091521	-0.000786	
-0.061971	-0.011867	-0.079578	-0.000479	
-0.056273	-0.011900	-0.068177	-0.000052	
-0.050267	-0.011961	-0.051953	0.000487	
-0.036485	-0.012111	-0.040929	0.000893	
-0.017930	-0.012373	-0.030363	0.001437	
-0.001764	-0.012736	-0.020883	0.001921	
0.000314	-0.012783	-0.013954	0.001902	
0.000314	-0.012783	-0.008876	0.002109	
0.000006	-0.012778	-0.008690	0.002065	
-0.012301	-0.012273	-0.012966	0.001948	
-0.030159	-0.009136	-0.017228	0.002334	
-0.031126	-0.009188	-0.019723	0.001346	
-0.022549	-0.017859	-0.021818	-0.000585	
-0.016632	-0.027842	-0.021813	-0.001944	
-0.016390	-0.027675	-0.020599	-0.001720	
-0.018766	-0.016770	-0.019003	-0.000795	
-0.019821	-0.008213	-0.018634	0.001197	
-0.020010	-0.005371	-0.018638	0.004849	
-0.020013	-0.005294	-0.018788	0.006415	
-0.020013	-0.005294	-0.018708	0.005738	
-0.020017	-0.005217	-0.018476	0.002251	
-0.020013	-0.005294	-0.017804	-0.004837	
-0.019678	-0.020227	-0.016607	-0.018500	
-0.019817	-0.056340	-0.016472	-0.039453	
-0.019977	-0.106774	-0.016387	-0.079069	
-0.020113	-0.153205	-0.015017	-0.115695	
-0.020654	-0.197707	-0.013194	-0.157703	
-0.021438	-0.239434	-0.012066	-0.203403	
-0.021325	-0.304958	-0.011361	-0.252240	
-0.020181	-0.366701	-0.010244	-0.300586	
-0.019343	-0.424521	-0.007214	-0.348460	
-0.019350	-0.458940	-0.003149	-0.408372	
-0.019432	-0.490664	-0.001490	-0.449061	
-0.019349	-0.523774	-0.000274	-0.485630	
-0.018971	-0.564043	0.000842	-0.518628	
-0.018688	-0.599307	0.001717	-0.547188	
-0.018598	-0.619558	0.003874	-0.572867	
-0.018566	-0.639809	0.005092	-0.592992	
-0.018568	-0.641888	0.005748	-0.606438	
-0.018601	-0.637961	0.005738	-0.607091	
-0.018830	-0.618174	0.005087	-0.599537	
-0.019106	-0.588992	0.004309	-0.588600	
-0.019233	-0.570281	0.003498	-0.576507	
-0.019254	-0.567586	0.002982	-0.565600	
-0.019257	-0.567124	0.002187	-0.553894	
-0.019454	-0.554883	0.001314	-0.540571	
-0.019912	-0.535562	0.001077	-0.532347	
-0.020341	-0.520861	0.000863	-0.525571	
-0.020314	-0.521938	0.000723	-0.521094	
-0.020268	-0.523786	0.000626	-0.520270	
-0.020072	-0.535257	0.000921	-0.525557	
-0.019957	-0.556355	0.001100	-0.532803	
-0.020018	-0.572833	0.001271	-0.542903	
-0.020025	-0.574064	0.001441	-0.548872	
-0.020033	-0.572832	0.001479	-0.552820	
-0.020069	-0.571062	0.001393	-0.552671	
-0.020273	-0.564520	0.001060	-0.549431	
-0.020589	-0.551357	0.000920	-0.545651	
-0.020781	-0.541657	0.000910	-0.542839	
-0.020758	-0.543274	0.001057	-0.543234	
-0.020663	-0.553899	0.001242	-0.548635	
-0.020507	-0.576537	0.001539	-0.557134	
-0.020432	-0.597326	0.002103	-0.567143	
-0.020430	-0.606335	0.002618	-0.575977	
-0.020458	-0.607259	0.003130	-0.584639	
-0.020904	-0.609361	0.004045	-0.590326	
-0.022557	-0.612304	0.005590	-0.595105	
-0.024705	-0.614388	0.006947	-0.597554	
-0.022616	-0.613587	0.009417	-0.598883	
-0.011868	-0.610903	0.013204	-0.599505	
-0.000954	-0.609480	0.017863	-0.599130	
0.004428	-0.609207	0.024440	-0.598455	
0.008740	-0.609186	0.032015	-0.597716	
0.019672	-0.609366	0.043942	-0.597179	
0.045693	-0.609859	0.051803	-0.596985	
0.060166	-0.610176	0.052336	-0.597251	
0.052390	-0.610021	0.049872	-0.597368	
0.025212	-0.609661	0.036541	-0.597839	
-0.014671	-0.609189	0.013745	-0.598442	
-0.055397	-0.608462	-0.019461	-0.599173	
-0.118915	-0.607486	-0.061214	-0.600448	
-0.178279	-0.606911	-0.122912	-0.600951	
-0.235025	-0.606346	-0.174173	-0.603041	
-0.280830	-0.605408	-0.226958	-0.604606	
-0.342029	-0.604043	-0.281229	-0.605253	
-0.406468	-0.602913	-0.333626	-0.606621	
-0.466910	-0.602347	-0.385240	-0.607753	
-0.513340	-0.602125	-0.449733	-0.610040	
-0.555074	-0.601923	-0.490970	-0.611543	
-0.582330	-0.601660	-0.524580	-0.613140	
-0.602117	-0.601358	-0.551329	-0.613701	
-0.616977	-0.601151	-0.572274	-0.614535	
-0.629988	-0.600957	-0.586431	-0.614960	
-0.631143	-0.600941	-0.593905	-0.615258	
-0.630758	-0.600945	-0.595896	-0.615172	
-0.616667	-0.601003	-0.586616	-0.614731	
-0.591719	-0.601027	-0.576008	-0.614258	
-0.567464	-0.600942	-0.563071	-0.613690	
-0.554221	-0.600797	-0.550030	-0.613521	
-0.548755	-0.600716	-0.538033	-0.612791	
-0.544289	-0.600673	-0.527101	-0.612090	
-0.534895	-0.600576	-0.518018	-0.611627	
-0.521267	-0.600479	-0.507751	-0.611123	
-0.507869	-0.600531	-0.501621	-0.610888	
-0.505021	-0.600575	-0.497638	-0.610727	
-0.505406	-0.600569	-0.497158	-0.610677	
-0.517263	-0.600419	-0.502575	-0.610806	
-0.538668	-0.600372	-0.510296	-0.611167	
-0.557225	-0.600304	-0.519864	-0.611408	
-0.564848	-0.600235	-0.532628	-0.611654	
-0.568005	-0.600201	-0.542253	-0.612080	
-0.571393	-0.600163	-0.549295	-0.612269	
-0.576936	-0.600112	-0.553612	-0.612361	
-0.587716	-0.600060	-0.561579	-0.612503	
-0.599959	-0.599991	-0.566751	-0.612632	
-0.604964	-0.599939	-0.570297	-0.612776	
-0.601807	-0.599958	-0.570808	-0.612684	
-0.592105	-0.599888	-0.567116	-0.612437	
-0.577554	-0.599674	-0.567116	-0.612437	
-0.565081	-0.599525	-0.567116	-0.612437	
-0.559411	-0.599996	-0.559487	-0.611957	
-0.559675	-0.599827	-0.547735	-0.611312	
-0.560428	-0.599177	-0.545662	-0.610061	
-0.562101	-0.596062	-0.546575	-0.607056	
-0.566709	-0.581311	-0.548493	-0.599297	
-0.568741	-0.568700	-0.550079	-0.593067	
-0.569116	-0.563632	-0.551208	-0.586319	
-0.569120	-0.563555	-0.552102	-0.579704	
-0.569285	-0.560480	-0.552711	-0.573736	
-0.569820	-0.549867	-0.553285	-0.568731	
-0.569849	-0.549483	-0.553478	-0.565512	
-0.569793	-0.554257	-0.553921	-0.560858	
-0.569783	-0.555643	-0.554364	-0.551069	
-0.570147	-0.542635	-0.554895	-0.542819	
-0.571570	-0.508400	-0.557585	-0.517339	
-0.573080	-0.468620	-0.559968	-0.489976	
-0.574433	-0.419589	-0.562878	-0.455269	
-0.575971	-0.375419	-0.566178	-0.416767	
-0.578547	-0.324664	-0.568771	-0.373288	
-0.580854	-0.269042	-0.574441	-0.314090	
-0.581951	-0.224242	-0.577839	-0.269399	
-0.582519	-0.182435	-0.581039	-0.225311	
-0.583370	-0.131932	-0.583695	-0.181249	
-0.585243	-0.089084	-0.586295	-0.140386	
-0.587664	-0.045878	-0.589897	-0.100885	
-0.589230	-0.013422	-0.593491	-0.066437	
-0.590195	0.014666	-0.596987	-0.026964	
-0.590620	0.031831	-0.599494	-0.004460	
-0.590988	0.044300	-0.600916	0.012780	
-0.591432	0.054146	-0.601690	0.025405	
-0.591810	0.061528	-0.602345	0.032998	
-0.591806	0.061451	-0.602729	0.036052	
-0.591791	0.061144	-0.602624	0.034563	
-0.590998	0.044993	-0.601332	0.023381	
-0.589581	0.016461	-0.600388	0.012650	
-0.588483	-0.004454	-0.599031	0.000515	
-0.588084	-0.012452	-0.597471	-0.012112	
-0.587850	-0.017683	-0.596172	-0.025951	
-0.587241	-0.029987	-0.594738	-0.039382	
-0.585995	-0.051434	-0.593544	-0.052636	
-0.584518	-0.076184	-0.592140	-0.068465	
-0.583948	-0.086718	-0.591300	-0.077647	
-0.583958	-0.086487	-0.590529	-0.083952	
-0.584069	-0.084179	-0.590527	-0.084484	
-0.584817	-0.069954	-0.591036	-0.079751	
-0.585861	-0.050039	-0.591535	-0.073543	
-0.586455	-0.038350	-0.592034	-0.066859	
-0.586455	-0.038350	-0.592495	-0.061779	
-0.586452	-0.038427	-0.592862	-0.058619	
-0.586087	-0.044807	-0.592522	-0.061022	
-0.585327	-0.058723	-0.592284	-0.064411	
-0.584785	-0.070338	-0.592039	-0.067462	
-0.584829	-0.069338	-0.592120	-0.067654	
-0.585264	-0.060956	-0.592455	-0.065190	
-0.586255	-0.043042	-0.592960	-0.060515

-0.643574	-0.005621	-0.644156	-0.005624	
-0.643728	-0.005620	-0.640038	-0.005765	
-0.630638	-0.005656	-0.627540	-0.006051	
-0.596989	-0.005728	-0.609154	-0.006633	
-0.552022	-0.006001	-0.574416	-0.007510	
-0.512063	-0.006540	-0.541914	-0.007994	
-0.480892	-0.007452	-0.504931	-0.008784	
-0.443410	-0.008560	-0.463572	-0.010644	
-0.380965	-0.008558	-0.420050	-0.012432	
-0.321140	-0.007868	-0.375174	-0.013245	
-0.274787	-0.007969	-0.328041	-0.013016	
-0.230594	-0.008596	-0.280393	-0.013869	
-0.188168	-0.008918	-0.219188	-0.015945	
-0.126107	-0.008676	-0.174531	-0.017314	
-0.078602	-0.008100	-0.135846	-0.018852	
-0.052576	-0.008029	-0.098221	-0.018740	
-0.027478	-0.008423	-0.066790	-0.018613	
-0.003079	-0.009124	-0.041632	-0.018986	
0.015855	-0.009675	-0.023289	-0.019351	
0.018473	-0.009693	-0.008039	-0.019720	
0.017472	-0.009693	-0.004578	-0.020013	
0.012390	-0.009688	-0.009642	-0.019623	
-0.010479	-0.009586	-0.018562	-0.019887	
-0.035502	-0.009284	-0.030852	-0.020109	
-0.057984	-0.008988	-0.044669	-0.019750	
-0.063297	-0.008953	-0.056146	-0.019562	
-0.063374	-0.008953	-0.067924	-0.019365	
-0.070534	-0.009032	-0.080285	-0.019340	
-0.088012	-0.009177	-0.087091	-0.019460	
-0.100717	-0.009203	-0.091513	-0.019277	
-0.100717	-0.009204	-0.093369	-0.019144	
-0.091477	-0.009231	-0.090995	-0.019169	
-0.070457	-0.009245	-0.085370	-0.019464	
-0.052593	-0.009339	-0.077815	-0.019514	
-0.048666	-0.009376	-0.068360	-0.019551	
-0.048897	-0.009374	-0.061066	-0.019656	
-0.048820	-0.009375	-0.056378	-0.019646	
-0.048820	-0.009375	-0.052217	-0.019739	
-0.040197	-0.009462	-0.046438	-0.019841	
-0.022333	-0.009480	-0.040446	-0.019716	
-0.011707	-0.009441	-0.035055	-0.019951	
-0.012169	-0.009445	-0.028761	-0.019920	
-0.012554	-0.009448	-0.028699	-0.019920	
-0.023334	-0.009452	-0.033402	-0.019986	
-0.039735	-0.009462	-0.038226	-0.019740	
-0.049822	-0.009490	-0.041594	-0.019763	
-0.045279	-0.009470	-0.042369	-0.019693	
-0.032805	-0.009511	-0.039045	-0.019761	
-0.013318	-0.010976	-0.036901	-0.019658	
0.001785	-0.015134	-0.036901	-0.019658	
0.004670	-0.016748	-0.029749	-0.019830	
0.002210	-0.013602	-0.011454	-0.019891	
-0.000427	-0.007964	-0.007810	-0.020548	
-0.000900	-0.006655	-0.007218	-0.021147	
-0.000036	-0.012598	-0.007071	-0.022557	
0.000643	-0.018875	-0.006761	-0.025729	
0.001143	-0.024551	-0.006416	-0.029659	
0.001509	-0.029079	-0.006260	-0.032652	
0.000820	-0.020096	-0.006166	-0.033964	
0.000173	-0.011574	-0.005341	-0.039717	
0.000991	-0.022709	-0.004572	-0.049496	
0.003477	-0.057038	-0.003671	-0.065879	
0.005849	-0.092533	-0.001595	-0.098530	
0.008722	-0.138643	0.000436	-0.131414	
0.011480	-0.180826	0.002693	-0.166674	
0.014254	-0.221541	0.004985	-0.204844	
0.016601	-0.256498	0.007500	-0.244843	
0.020117	-0.306501	0.010071	-0.287099	
0.023730	-0.357964	0.012881	-0.330127	
0.027921	-0.417492	0.017553	-0.388321	
0.030879	-0.459198	0.020100	-0.428471	
0.032948	-0.485528	0.022281	-0.465293	
0.035102	-0.511619	0.025177	-0.499066	
0.037233	-0.541804	0.027135	-0.527026	
0.038744	-0.567323	0.029212	-0.550262	
0.039490	-0.579621	0.030515	-0.570502	
0.040230	-0.590298	0.031818	-0.591301	
0.041031	-0.600894	0.032606	-0.602169	
0.041825	-0.610486	0.032997	-0.608869	
0.041811	-0.610332	0.033242	-0.610370	
0.041208	-0.602811	0.032652	-0.606574	
0.039678	-0.580842	0.032277	-0.597774	
0.037862	-0.554956	0.031461	-0.587131	
0.037027	-0.543977	0.030342	-0.574049	
0.036958	-0.543133	0.029491	-0.564926	
0.036958	-0.543133	0.029096	-0.559871	
0.036958	-0.543133	0.028850	-0.557520	
0.036958	-0.543133	0.028774	-0.556648	
0.036958	-0.543133	0.028775	-0.556700	
0.036958	-0.543133	0.028832	-0.558031	
0.036964	-0.543210	0.029081	-0.560134	
0.036964	-0.543210	0.029412	-0.563782	
0.037576	-0.551349	0.029956	-0.570236	
0.039119	-0.574243	0.030657	-0.577368	
0.039766	-0.585003	0.031187	-0.583608	
0.039760	-0.584927	0.031715	-0.590905	
0.039765	-0.585003	0.032185	-0.596910	
0.039771	-0.585080	0.032616	-0.602749	
0.040433	-0.594605	0.033054	-0.608339	
0.041928	-0.614183	0.032975	-0.611187	
0.041784	-0.612572	0.032897	-0.611191	
0.040674	-0.598989	0.032602	-0.608277	
0.039029	-0.576025	0.032324	-0.601864	
0.038882	-0.566178	0.031854	-0.595609	
0.039069	-0.564881	0.031010	-0.587527	
0.038069	-0.566610	0.031613	-0.584991	
0.035619	-0.569154	0.031342	-0.585245	
0.032433	-0.571160	0.030067	-0.586738	
0.029254	-0.572315	0.027623	-0.588229	
0.026219	-0.572825	0.025149	-0.589287	
0.024454	-0.572965	0.023172	-0.589720	
0.024377	-0.572970	0.021260	-0.589937	
0.024377	-0.572970	0.020578	-0.589985	
0.026376	-0.572852	0.019724	-0.590067	
0.038380	-0.572441	0.017116	-0.590271	
0.035069	-0.572443	0.007187	-0.590122	
0.005349	-0.572817	-0.008094	-0.590394	
-0.033533	-0.573313	-0.030995	-0.591095	
-0.086197	-0.573885	-0.075742	-0.592133	
-0.134084	-0.574718	-0.115259	-0.592095	
-0.181502	-0.575841	-0.159690	-0.593086	
-0.230697	-0.576742	-0.207284	-0.594523	
-0.284285	-0.577366	-0.254157	-0.595148	
-0.339185	-0.577374	-0.302460	-0.596409	
-0.386385	-0.577047	-0.351239	-0.596739	
-0.444981	-0.577252	-0.399176	-0.596136	
-0.491860	-0.578351	-0.454933	-0.596415	
-0.523105	-0.579375	-0.491961	-0.597609	
-0.541119	-0.579736	-0.523690	-0.599331	
-0.561524	-0.579842	-0.550542	-0.600034	
-0.589397	-0.579977	-0.572153	-0.600300	
-0.608335	-0.580380	-0.588074	-0.600069	
-0.611644	-0.580489	-0.598897	-0.600004	
-0.610567	-0.580449	-0.603911	-0.600133	
-0.596943	-0.580060	-0.598216	-0.600034	
-0.574770	-0.579709	-0.588950	-0.600075	
-0.551443	-0.579304	-0.577321	-0.600150	
-0.538744	-0.578927	-0.565712	-0.600080	
-0.537436	-0.578877	-0.556156	-0.599771	
-0.537436	-0.578877	-0.548468	-0.599331	
-0.537282	-0.578871	-0.542802	-0.599034	
-0.533126	-0.578728	-0.539408	-0.598855	
-0.521581	-0.578386	-0.537317	-0.598921	
-0.516348	-0.578230	-0.537620	-0.599119	
-0.521736	-0.578344	-0.541455	-0.599296	
-0.543524	-0.578734	-0.549491	-0.599397	
-0.567926	-0.579306	-0.558705	-0.599324	
-0.574314	-0.579486	-0.570752	-0.599411	
-0.574391	-0.579488	-0.581450	-0.600048	
-0.577624	-0.579572	-0.589805	-0.600411	
-0.597330	-0.580059	-0.597277	-0.600644	
-0.611417	-0.580382	-0.602320	-0.600688	
-0.609108	-0.580310	-0.604005	-0.600379	
-0.599027	-0.579981	-0.602151	-0.600281	
-0.581323	-0.579514	-0.595646	-0.600252	
-0.561232	-0.579014	-0.584285	-0.600205	
-0.550534	-0.578681	-0.576298	-0.600148	
-0.551073	-0.578697	-0.571284	-0.600172	
-0.551227	-0.578701	-0.569459	-0.599903	
-0.557385	-0.578847	-0.573186	-0.600126	
-0.575937	-0.579295	-0.579938	-0.600298	
-0.595588	-0.578161	-0.586804	-0.600438	
-0.600684	-0.576712	-0.596343	-0.602244	
-0.600085	-0.577320	-0.601895	-0.603295	
-0.595884	-0.583000	-0.603907	-0.604681	
-0.592158	-0.591439	-0.603630	-0.607239	
-0.590160	-0.599424	-0.602465	-0.610382	
-0.590153	-0.599268	-0.601126	-0.613114	
-0.590206	-0.598809	-0.600004	-0.618353	
-0.590197	-0.598885	-0.599573	-0.622146	
-0.589683	-0.604251	-0.598837	-0.627713	
-0.588004	-0.634848	-0.598274	-0.633840	
-0.587562	-0.648855	-0.598130	-0.631208	
-0.588824	-0.626330	-0.599484	-0.623786	
-0.590926	-0.589738	-0.600537	-0.606102	
-0.593300	-0.538280	-0.603536	-0.566141	
-0.595288	-0.491738	-0.605936	-0.527935	
-0.597279	-0.444810	-0.607913	-0.482819	
-0.600374	-0.390460	-0.610362	-0.432459	
-0.605089	-0.320935	-0.613346	-0.379457	
-0.609027	-0.258922	-0.617604	-0.323634	
-0.612365	-0.190782	-0.622388	-0.265772	
-0.615623	-0.129576	-0.626261	-0.189181	
-0.619620	-0.066178	-0.629380	-0.135202	
-0.622709	-0.018615	-0.634086	-0.086253	
-0.625129	0.024128	-0.637056	-0.044185	
-0.626711	0.050723	-0.640198	-0.010418	
-0.627662	0.064010	-0.641317	0.015193	
-0.628519	0.075374	-0.642460	0.033439	
-0.629080	0.083053	-0.643248	0.044148	
-0.629051	0.082746	-0.643384	0.047575	
-0.628590	0.077067	-0.642670	0.041379	
-0.626608	0.046177	-0.642305	0.028561	
-0.624902	0.014653	-0.642217	0.013201	
-0.623552	-0.010027	-0.641188	-0.005555	
-0.622867	-0.021170	-0.639508	-0.024846	
-0.621763	-0.035990	-0.638021	-0.045086	
-0.619807	-0.061634	-0.637435	-0.051645	
-0.617822	-0.093449	-0.637435	-0.051645	
-0.616777	-0.112131	-0.635650	-0.070206	
-0.616624	-0.114667	-0.631800	-0.111811	
-0.616634	-0.114514	-0.630684	-0.125211	
-0.616606	-0.114975	-0.630316	-0.129078	
-0.616624	-0.114667	-0.630291	-0.129478	
-0.616629	-0.114591	-0.630642	-0.125212	
-0.616972	-0.109134	-0.631289	-0.117462	
-0.618504	-0.086548	-0.632260	-0.107777	
-0.619967	-0.064498	-0.632968	-0.097262	
-0.620678	-0.051967	-0.634019	-0.087309	
-0.620665	-0.052198	-0.634781	-0.078491	
-0.620674	-0.052044	-0.635252	-0.071733	
-0.620679	-0.051967	-0.635682	-0.066426	
-0.620683	-0.051890	-0.635982	-0.062649	
-0.621125	-0.044357	-0.636308	-0.056871	
-0.622097	-0.029219	-0.637039	-0.051239		
