-0.000222	0.003168	-0.016023	0.001413	
0.018256	0.002958	-0.008322	0.001440	
0.032501	0.002861	-0.000782	0.001301	
0.032039	0.002863	0.004439	0.001357	
0.029498	0.002880	0.007365	0.001484	
0.016871	0.002993	0.006086	0.001485	
0.007015	0.003084	0.006279	0.001732	
0.010788	0.003037	0.008721	0.001853	
0.028108	0.002623	0.015758	0.001899	
0.050810	0.001876	0.025341	0.001833	
0.065404	0.000899	0.037065	0.001689	
0.075039	-0.000752	0.056464	0.001173	
0.089211	-0.004921	0.070795	-0.001248	
0.105921	-0.012935	0.084485	-0.005684	
0.122266	-0.024966	0.097379	-0.012138	
0.132064	-0.035078	0.108710	-0.019915	
0.136988	-0.041391	0.118509	-0.028725	
0.139542	-0.045240	0.126959	-0.038354	
0.145264	-0.055270	0.138055	-0.054377	
0.155511	-0.077664	0.146222	-0.068878	
0.165391	-0.109477	0.154056	-0.086162	
0.169290	-0.133708	0.159685	-0.105277	
0.169548	-0.146633	0.163594	-0.123900	
0.168564	-0.158911	0.164883	-0.144394	
0.164965	-0.182189	0.163065	-0.170070	
0.157941	-0.209308	0.160527	-0.188063	
0.151007	-0.228740	0.156687	-0.205286	
0.148983	-0.234231	0.151106	-0.222664	
0.143264	-0.251073	0.145081	-0.241351	
0.133475	-0.276508	0.140239	-0.258674	
0.122965	-0.299808	0.134151	-0.275624	
0.117771	-0.310382	0.127347	-0.291524	
0.114311	-0.317001	0.117929	-0.312629	
0.106217	-0.330366	0.109927	-0.328517	
0.088357	-0.353123	0.100110	-0.343901	
0.069831	-0.371494	0.088475	-0.359540	
0.055624	-0.383184	0.073646	-0.375238	
0.038706	-0.395262	0.055282	-0.390888	
0.016380	-0.409511	0.048498	-0.396245	
-0.018657	-0.430586	0.048498	-0.396245	
-0.049396	-0.449097	0.027262	-0.411157	
-0.060716	-0.455971	0.004188	-0.426045	
-0.081817	-0.468693	-0.064054	-0.470169	
-0.114681	-0.487844	-0.083886	-0.483465	
-0.134029	-0.498026	-0.103751	-0.496059	
-0.152671	-0.505506	-0.126159	-0.509324	
-0.177664	-0.512734	-0.149113	-0.520182	
-0.209756	-0.519094	-0.180504	-0.529886	
-0.238021	-0.522634	-0.203684	-0.534540	
-0.254522	-0.523951	-0.225249	-0.538115	
-0.266680	-0.524373	-0.246760	-0.540536	
-0.288829	-0.523518	-0.267122	-0.542099	
-0.315357	-0.519333	-0.286672	-0.542127	
-0.340166	-0.512321	-0.312123	-0.539071	
-0.351940	-0.507975	-0.329752	-0.534728	
-0.361306	-0.504233	-0.345912	-0.529455	
-0.371603	-0.499917	-0.360136	-0.524376	
-0.387754	-0.492291	-0.373824	-0.519045	
-0.403842	-0.483207	-0.386739	-0.512904	
-0.418254	-0.473464	-0.399240	-0.506374	
-0.424527	-0.468611	-0.413789	-0.496723	
-0.428355	-0.465508	-0.425100	-0.488549	
-0.438317	-0.457500	-0.438152	-0.479221	
-0.460851	-0.439692	-0.453225	-0.468900	
-0.484424	-0.420596	-0.470598	-0.456309	
-0.509012	-0.399827	-0.490567	-0.440937	
-0.529629	-0.381531	-0.512486	-0.423549	
-0.550121	-0.361744	-0.542796	-0.397257	
-0.575960	-0.331001	-0.564931	-0.375359	
-0.593500	-0.303128	-0.583518	-0.352505	
-0.604416	-0.279605	-0.600044	-0.326827	
-0.613109	-0.254670	-0.613650	-0.297794	
-0.626147	-0.212600	-0.625175	-0.268182	
-0.637682	-0.174177	-0.634750	-0.239653	
-0.643158	-0.154682	-0.643332	-0.212361	
-0.648254	-0.131210	-0.656302	-0.172105	
-0.653485	-0.089901	-0.662209	-0.144244	
-0.654632	-0.056206	-0.666492	-0.116255	
-0.653772	-0.037981	-0.669069	-0.089406	
-0.651599	-0.015293	-0.668691	-0.059695	
-0.647225	0.025204	-0.667501	-0.032746	
-0.643716	0.054873	-0.665263	-0.008173	
-0.641283	0.071325	-0.663032	0.025011	
-0.638717	0.085180	-0.660263	0.049465	
-0.632966	0.115752	-0.657019	0.072770	
-0.627230	0.148439	-0.653866	0.094440	
-0.623939	0.167484	-0.650554	0.117153	
-0.620285	0.186932	-0.647088	0.145291	
-0.611664	0.231850	-0.641436	0.181743	
-0.606376	0.259375	-0.637288	0.205619	
-0.602653	0.278889	-0.632903	0.235345	
-0.598032	0.302071	-0.628587	0.262935	
-0.589027	0.343925	-0.624449	0.289602	
-0.584097	0.366493	-0.620698	0.311992	
-0.579999	0.385774	-0.616448	0.339305	
-0.575282	0.409408	-0.612447	0.365426	
-0.570743	0.447768	-0.606626	0.399672	
-0.570828	0.472473	-0.605381	0.422073	
-0.572398	0.488253	-0.606471	0.446185	
-0.574787	0.503075	-0.610002	0.468892	
-0.579289	0.525417	-0.615236	0.490076	
-0.587584	0.559691	-0.620858	0.511096	
-0.592120	0.575852	-0.625777	0.529721	
-0.596597	0.591069	-0.635607	0.558830	
-0.601739	0.609139	-0.642630	0.578413	
-0.609530	0.637902	-0.648503	0.598716	
-0.616290	0.663114	-0.654957	0.617998	
-0.620381	0.677881	-0.661337	0.638202	
-0.625540	0.694337	-0.668991	0.661275	
-0.638720	0.727449	-0.677218	0.684517	
-0.652132	0.754568	-0.692073	0.711013	
-0.659914	0.767944	-0.704325	0.732254	
-0.670325	0.783950	-0.719563	0.756432	
-0.697128	0.821003	-0.736104	0.778284	
-0.718103	0.846714	-0.752698	0.797127	
-0.729904	0.859394	-0.771252	0.817870	
-0.747149	0.875558	-0.799054	0.844484	
-0.774765	0.897590	-0.821311	0.861561	
-0.805425	0.916915	-0.844385	0.877033	
-0.832215	0.928587	-0.870085	0.890480	
-0.856502	0.934844	-0.897916	0.900679	
-0.888681	0.938586	-0.926765	0.905316	
-0.917847	0.938407	-0.954273	0.905488	
-0.941220	0.935539	-0.989478	0.901097	
-0.965008	0.929210	-1.015671	0.894598	
-0.999424	0.913122	-1.040842	0.884573	
-1.024097	0.896866	-1.062515	0.872787	
-1.039434	0.883775	-1.083373	0.856920	
-1.052005	0.871193	-1.101757	0.838287	
-1.079445	0.843318	-1.119618	0.817216	
-1.102820	0.820305	-1.141662	0.793239	
-1.115520	0.807416	-1.159303	0.773471	
-1.126165	0.795866	-1.170298	0.760918	
-1.151289	0.765692	-1.192229	0.732255	
-1.172795	0.736498	-1.206484	0.712501	
-1.182698	0.720719	-1.220576	0.690332	
-1.191214	0.704496	-1.233518	0.665462	
-1.208060	0.666155	-1.247462	0.630482	
-1.219864	0.632933	-1.254715	0.607683	
-1.224125	0.616306	-1.262442	0.582373	
-1.226603	0.600720	-1.267190	0.554498	
-1.230834	0.566019	-1.269441	0.528263	
-1.234323	0.529148	-1.270877	0.502661	
-1.236441	0.496571	-1.271410	0.477029	
-1.236858	0.483026	-1.271900	0.453234	
-1.237124	0.463393	-1.270397	0.427794	
-1.236442	0.436609	-1.268932	0.396852	
-1.233481	0.407823	-1.266348	0.375526	
-1.228932	0.387393	-1.262684	0.354428	
-1.222571	0.369726	-1.256747	0.333205	
-1.214436	0.352283	-1.248195	0.312440	
-1.203667	0.331587	-1.237479	0.293613	
-1.188957	0.305943	-1.221761	0.269480	
-1.175984	0.287027	-1.209843	0.253324	
-1.165869	0.275020	-1.197890	0.237827	
-1.158672	0.268178	-1.184749	0.224064	
-1.142725	0.256090	-1.169482	0.211887	
-1.116967	0.240234	-1.152503	0.201484	
-1.090503	0.227612	-1.134183	0.192000	
-1.077757	0.223261	-1.109463	0.181887	
-1.065558	0.220692	-1.088961	0.177269	
-1.044222	0.219195	-1.067864	0.175888	
-1.009202	0.222169	-1.047165	0.177648	
-0.984837	0.228114	-1.026553	0.180481	
-0.968028	0.234982	-1.003990	0.185029	
-0.950911	0.244273	-0.981149	0.195921	
-0.920188	0.261585	-0.952579	0.215565	
-0.887220	0.278284	-0.930345	0.231101	
-0.859337	0.291367	-0.908317	0.246576	
-0.841602	0.300316	-0.883263	0.260516	
-0.817815	0.313466	-0.858500	0.275840	
-0.788344	0.329706	-0.834782	0.291514	
-0.752545	0.348647	-0.810566	0.306952	
-0.727469	0.361509	-0.778766	0.326766	
-0.706222	0.372554	-0.755326	0.341888	
-0.687463	0.382377	-0.733123	0.355632	
-0.667539	0.392796	-0.712375	0.368944	
-0.641185	0.406539	-0.692122	0.382164	
-0.614737	0.420435	-0.673078	0.394110	
-0.598787	0.428979	-0.654555	0.406015	
-0.586982	0.435316	-0.630161	0.422298	
-0.571922	0.443402	-0.612809	0.433494	
-0.545442	0.457565	-0.593887	0.445573	
-0.517803	0.472173	-0.574856	0.457572	
-0.497035	0.482973	-0.556654	0.469284	
-0.488430	0.487453	-0.538779	0.481089	
-0.467677	0.498283	-0.517957	0.494608	
-0.441046	0.512160	-0.493391	0.510719	
-0.413997	0.526235	-0.473948	0.523273	
-0.396513	0.535337	-0.455442	0.535254	
-0.384612	0.541657	-0.434302	0.549432	
-0.357117	0.556209	-0.413727	0.562941	
-0.329899	0.570459	-0.393187	0.576014	
-0.303592	0.583956	-0.371218	0.589565	
-0.283195	0.593221	-0.341009	0.608057	
-0.257026	0.602325	-0.316724	0.622389	
-0.225407	0.610103	-0.289786	0.634169	
-0.183148	0.616892	-0.260620	0.643796	
-0.148713	0.619880	-0.231287	0.651067	
-0.127709	0.619582	-0.203092	0.656652	
-0.107903	0.616731	-0.173106	0.659290	
-0.070531	0.606936	-0.134002	0.656220	
-0.034342	0.593401	-0.106390	0.650894	
-0.008792	0.580820	-0.079165	0.643588	
0.005596	0.572327	-0.051658	0.633183	
0.027928	0.557942	-0.026208	0.620966	
0.058975	0.536508	-0.001072	0.607396	
0.092310	0.510285	0.024015	0.593236	
0.109693	0.493608	0.055730	0.573694	
0.122404	0.478552	0.077933	0.556008	
0.134787	0.460445	0.095944	0.537238	
0.146827	0.438518	0.112033	0.516432	
0.162794	0.400730	0.125609	0.493487	
0.171074	0.375333	0.136857	0.472693	
0.174647	0.362021	0.147740	0.449903	
0.179017	0.344939	0.159684	0.418116	
0.188606	0.305672	0.168306	0.394517	
0.193983	0.274339	0.175902	0.372812	
0.195207	0.258144	0.182456	0.348212	
0.195301	0.240435	0.186894	0.321137	
0.194413	0.200329	0.189594	0.295001	
0.192451	0.164505	0.190513	0.270621	
0.190718	0.149826	0.192513	0.246714	
0.187681	0.135284	0.191673	0.210916	
0.176162	0.101088	0.188091	0.185788	
0.159893	0.068105	0.181576	0.162905	
0.149044	0.051849	0.173533	0.141555	
0.142090	0.043923	0.161703	0.119338	
0.120702	0.024429	0.146622	0.099299	
0.092042	0.003793	0.126313	0.077913	
0.068418	-0.008461	0.115136	0.067872	
0.058335	-0.012043	0.089701	0.050311	
0.034718	-0.020752	0.068718	0.040380	
0.009712	-0.031976	0.049823	0.030954	
-0.023806	-0.046603	0.032050	0.021132	
-0.036295	-0.051233	0.019333	0.013343	
-0.033514	-0.050323	0.006689	0.005946	
-0.029218	-0.048847	0.004150	0.004956	
-0.023196	-0.046707	0.006884	0.006393	
-0.013168	-0.043191	0.013023	0.009117	
-0.000284	-0.038990	0.021132	0.012772	
0.015642	-0.034197	0.030552	0.016556	
0.028078	-0.030635	0.039558	0.019930	
0.031995	-0.029490	0.046722	0.022538	
0.031921	-0.029512	0.053327	0.025048	
0.031995	-0.029490	0.059889	0.027705	
0.040503	-0.027038	0.065056	0.029848	
0.053715	-0.023391	0.068168	0.030875	
0.057657	-0.022333	0.069716	0.031454	
0.052521	-0.023695	0.069121	0.031173	
0.041825	-0.026618	0.065063	0.029638	
0.026779	-0.030852	0.058440	0.027065	
0.010630	-0.035434	0.048610	0.023664	
0.004251	-0.037209	0.043704	0.022140	
0.005289	-0.036921	0.040306	0.020629	
0.008552	-0.036009	0.041450	0.021279	
0.019677	-0.033207	0.046234	0.022683	
0.037131	-0.029401	0.052249	0.024418	
0.048440	-0.027055	0.058244	0.026067	
0.048816	-0.026974	0.063183	0.027441	
0.048816	-0.026974	0.066630	0.028545	
0.046860	-0.027400	0.064469	0.027874	
0.033784	-0.030320	0.059544	0.026176	
0.017891	-0.034043	0.054895	0.024994	
0.014445	-0.034865	0.051593	0.024189	
0.016090	-0.034460	0.049312	0.023503	
0.020662	-0.033382	0.050557	0.023885	
0.032348	-0.030960	0.056652	0.025549	
0.046277	-0.028368	0.062434	0.027093	
0.056431	-0.026538	0.067689	0.028415	
0.056280	-0.026568	0.071024	0.029322	
0.055297	-0.026759	0.071374	0.029375	
0.044271	-0.028949	0.066773	0.028007	
0.024197	-0.033020	0.058648	0.025780	
0.014621	-0.035001	0.053444	0.024688	
0.014998	-0.034923	0.048633	0.023101	
0.015074	-0.034907	0.046652	0.022458	
0.018243	-0.034262	0.048376	0.023002	
0.027907	-0.032327	0.052186	0.024083	
0.041588	-0.029671	0.056647	0.025222	
0.048699	-0.028319	0.061382	0.026435	
0.047566	-0.028544	0.063308	0.026946	
0.043567	-0.029358	0.061438	0.026339	
0.028908	-0.032229	0.056207	0.024866	
