  1.022  
  0.860  
  0.647  
  0.393  
  0.144  
 -0.044  
 -0.071  
 -0.052  
  0.050  
  0.350  
  0.747  
  1.013  
  0.989  
  0.918  
  0.647  
  0.291  
  0.021  
  0.021  
  0.040  
  0.333  
  0.720  
  0.932  
  0.885  
  0.787  
  0.547  
  0.227  
 -0.096  
 -0.183  
 -0.179  
 -0.002  
  0.420  
  0.793  
  0.805  
  0.760  
  0.587  
  0.275  
 -0.062  
 -0.216  
 -0.098  
  0.075  
  0.300  
  0.564  
  0.697  
  0.672  
  0.664  
  0.474  
  0.085  
 -0.287  
 -0.310  
 -0.148  
  0.098  
  0.420  
  0.685  
  0.676  
  0.666  
  0.475  
  0.098  
 -0.420  
 -0.978  
 -0.031  
  1.311  
  2.993  
  4.254  
  5.246  
  5.975  
  6.147  
  5.864  
  4.880  
  3.777  
  2.493  
  0.937  
 -0.722  
 -2.343  
 -3.863  
 -4.893  
 -5.623  
 -6.071  
 -6.301  
 -6.331  
 -6.277  
 -5.554  
 -4.504  
 -3.413  
 -2.202  
 -0.728  
  1.020  
  2.558  
  3.917  
  4.955  
  5.858  
  6.813  
  8.046  
  9.078  
  9.554  
  9.708  
  9.985  
 10.422  
 10.740  
 10.659  
 10.372  
  9.893  
  9.357  
  8.774  
  8.331  
  8.185  
  8.023  
  7.713  
  7.257  
  6.784  
  6.736  
  6.739  
  6.741  
  6.774  
  7.034  
  7.429  
  7.669  
  7.563  
  7.404  
  7.180  
  6.922  
  6.799  
  6.801  
  6.805  
  6.901  
  7.278  
  7.635  
  7.613  
  7.513  
  7.355  
  7.182  
  7.115  
  7.111  
  7.113  
  7.250  
  7.671  
  7.989  
  7.919  
  7.756  
  7.544  
  7.325  
  7.271  
  7.267  
  7.221  
  7.215  
  7.213  
  7.213  
  7.213  
  7.213  
  7.213  
  7.213  
  7.190  
  7.111  
  7.080  
  7.109  
  7.398  
  7.914  
  8.405  
  8.507  
  8.508  
  8.508  
  8.499  
  8.245  
  7.821  
  7.584  
  7.608  
  7.650  
  7.764  
  7.962  
  8.112  
  8.054  
  7.835  
  7.440  
  7.009  
  6.878  
  6.897  
  6.897  
  6.899  
  7.059  
  7.446  
  7.785  
  7.767  
  7.581  
  7.296  
  6.980  
  6.893  
  6.897  
  6.901  
  7.034  
  7.394  
  7.802  
  7.873  
  7.744  
  7.567  
  7.359  
  7.292  
  7.290  
  7.290  
  7.290  
  7.290  
  7.290  
  7.232  
  6.932  
  6.788  
  6.959  
  7.417  
  7.941  
  8.270  
  8.243  
  8.247  
  8.249  
  8.249  
  8.249  
  8.249  
  8.247  
  8.247  
  8.168  
  7.814  
  7.377  
  7.303  
  7.313  
