 -0.212  
 -0.329  
 -0.516  
 -0.658  
 -0.662  
 -0.554  
 -0.110  
  0.331  
  0.435  
  0.429  
  0.431  
  0.431  
  0.431  
  0.431  
  0.431  
  0.431  
  0.506  
  0.785  
  0.808  
  0.599  
  0.106  
 -0.410  
 -0.770  
 -0.783  
 -0.783  
 -0.745  
 -0.400  
 -0.002  
  0.085  
  0.083  
  0.081  
 -0.081  
 -0.462  
 -0.687  
 -0.643  
 -0.395  
 -0.002  
  0.377  
  0.472  
  0.475  
  0.475  
  0.477  
  0.477  
  0.543  
  0.853  
  0.966  
  0.787  
  0.433  
  0.004  
 -0.398  
 -0.474  
 -0.479  
 -0.477  
 -0.477  
 -0.420  
 -0.083  
  0.337  
  0.481  
  0.452  
  0.445  
  0.346  
 -0.019  
 -0.275  
 -0.439  
 -0.460  
 -0.552  
 -0.691  
 -0.710  
 -0.579  
 -0.283  
  0.212  
  0.753  
  1.165  
  1.207  
  1.213  
  1.444  
  1.863  
  2.056  
  2.031  
  1.950  
  1.704  
  1.367  
  1.026  
  0.920  
  0.949  
  0.951  
  1.076  
  1.398  
  1.792  
  1.890  
  1.808  
  1.580  
  1.205  
  0.847  
  0.610  
  0.585  
  0.585  
  0.585  
  0.585  
  0.585  
  0.585  
  0.585  
  0.585  
  0.597  
  0.664  
  0.989  
  1.424  
  1.559  
  1.544  
  1.403  
  1.055  
  0.643  
  0.506  
  0.512  
  0.514  
  0.739  
  1.188  
  1.359  
  1.274  
  1.122  
  0.866  
  0.554  
  0.302  
  0.266  
  0.264  
  0.266  
  0.343  
  0.676  
  1.093  
  1.230  
  1.228  
  1.049  
  0.678  
  0.316  
  0.218  
  0.219  
  0.227  
  0.487  
  0.926  
  1.207  
  1.197  
  1.118  
  0.841  
  0.506  
  0.312  
  0.323  
  0.327  
  0.329  
  0.397  
  0.778  
  1.207  
  1.296  
  1.232  
  1.082  
  0.851  
  0.552  
  0.289  
  0.244  
  0.244  
  0.271  
  0.620  
  1.113  
  1.407  
  1.376  
  1.373  
  1.244  
  0.857  
  0.445  
  0.360  
  0.400  
  0.441  
  0.660  
  1.118  
  1.376  
  1.355  
  1.201  
  0.859  
  0.470  
  0.271  
  0.296  
  0.337  
  0.366  
  0.560  
  0.978  
  1.409  
  1.426  
  1.315  
  1.059  
  0.705  
  0.373  
  0.293  
  0.291  
  0.291  
  0.302  
  0.429 
