  0.006 	   0.000  
 -0.006 	   0.000  
 -0.006 	   0.000  
  0.000 	   0.000  
  0.011 	   0.000  
  0.023 	   0.000  
  0.027 	   0.000  
  0.020 	   0.000  
  0.007 	   0.000  
 -0.008 	   0.000  
 -0.019 	   0.000  
 -0.027 	   0.000  
 -0.060 	   0.000  
 -0.088 	   0.000  
 -0.050 	   0.000  
 -0.041 	   0.000  
 -0.038 	   0.000  
 -0.035 	   0.000  
 -0.020 	   0.000  
 -0.001 	   0.000  
  0.014 	   0.000  
  0.050 	   0.030  
  0.032 	   0.030  
  0.018 	   0.030  
  0.006 	   0.030  
  0.018 	   0.030  
  0.042 	   0.030  
  0.036 	   0.030  
  0.038 	   0.030  
  0.045 	   0.030  
  0.058 	   0.030  
  0.087 	   0.030  
  0.101 	   0.030  
  0.087 	   0.030  
  0.069 	   0.030  
  0.053 	   0.030  
  0.047 	   0.030  
  0.047 	   0.030  
  0.055 	   0.030  
  0.058 	   0.030  
  0.052 	   0.030  
  0.046 	   0.030  
  0.047 	   0.030  
  0.039 	   0.030  
  0.031 	   0.030  
  0.035 	   0.030  
  0.039 	   0.030  
  0.045 	   0.030  
  0.045 	   0.030  
  0.033 	   0.030  
  0.033 	   0.030  
  0.032 	   0.030  
  0.039 	   0.030  
  0.046 	   0.030  
  0.035 	   0.030  
  0.034 	   0.030  
  0.026 	   0.030  
  0.036 	   0.030  
  0.039 	   0.030  
  0.037 	   0.030  
  0.031 	   0.030  
  0.027 	   0.030  
  0.036 	   0.030  
  0.044 	   0.030  
  0.040 	   0.030  
  0.032 	   0.030  
  0.034 	   0.030  
  0.047 	   0.030  
  0.041 	   0.030  
  0.040 	   0.030  
  0.043 	   0.030  
  0.049 	   0.030  
  0.048 	   0.030  
  0.041 	   0.030  
  0.048 	   0.030  
  0.050 	   0.030  
  0.047 	   0.030  
  0.054 	   0.030  
  0.054 	   0.030  
  0.057 	   0.030  
  0.079 	   0.030  
  0.113 	   0.030  
  0.214 	   0.030  
  0.438 	   0.030  
  0.921 	   0.030  
