  0.002 	   0.000  
  0.069 	   0.000  
  0.062 	   0.000  
  0.079 	   0.000  
  0.075 	   0.000  
  0.054 	   0.000  
  0.017 	   0.000  
 -0.016 	   0.000  
 -0.006 	   0.000  
 -0.009 	   0.000  
 -0.011 	   0.000  
 -0.017 	   0.000  
 -0.037 	   0.000  
 -0.080 	   0.000  
 -0.059 	   0.000  
 -0.039 	   0.000  
 -0.011 	   0.000  
  0.040 	   0.000  
  0.052 	   0.000  
  0.080 	   0.000  
  0.061 	   0.000  
  0.021 	   0.000  
 -0.031 	   0.000  
  0.002 	   0.000  
 -0.015 	   0.000  
 -0.003 	   0.000  
 -0.003 	   0.000  
  0.011 	   0.200  
  0.041 	   0.200  
  0.048 	   0.200  
  0.094 	   0.200  
  0.151 	   0.200  
  0.222 	   0.200  
  0.232 	   0.200  
  0.236 	   0.200  
  0.246 	   0.200  
  0.240 	   0.200  
  0.243 	   0.200  
  0.269 	   0.200  
  0.365 	   0.200  
  0.604 	   0.200  
  1.362 	   0.200  
  2.290 	   0.200 
